[
  {
    "num_customers": 11,
    "num_vehicles": 4,
    "depot": 0,
    "nodes": [
      0,
      1,
      2,
      3,
      4,
      5,
      6,
      7,
      8,
      9,
      10,
      11
    ],
    "customers": [
      1,
      2,
      3,
      4,
      5,
      6,
      7,
      8,
      9,
      10,
      11
    ],
    "coords": [
      [
        63.2899249851997,
        21.149375882447618
      ],
      [
        44.36023149814018,
        79.24222388023429
      ],
      [
        48.385631811326434,
        49.63199019995086
      ],
      [
        62.83894723159228,
        48.05379257517999
      ],
      [
        38.99786990690768,
        24.312956343168945
      ],
      [
        10.263320246620133,
        34.427074921185174
      ],
      [
        75.26073875265864,
        89.00029828190938
      ],
      [
        31.04945046815747,
        19.756612849598042
      ],
      [
        63.899221310119444,
        76.40382740220191
      ],
      [
        74.37207318960314,
        72.3113148766964
      ],
      [
        58.49344962814046,
        77.22222625350501
      ],
      [
        94.11484137230836,
        46.33766785283812
      ]
    ],
    "distance_matrix": [
      [
        0.0,
        61.1,
        32.15,
        26.91,
        24.5,
        54.66,
        68.9,
        32.27,
        55.26,
        52.35,
        56.28,
        39.81
      ],
      [
        61.1,
        0.0,
        29.88,
        36.25,
        55.19,
        56.31,
        32.4,
        60.96,
        19.74,
        30.8,
        14.28,
        59.65
      ],
      [
        32.15,
        29.88,
        0.0,
        14.54,
        27.0,
        41.04,
        47.67,
        34.54,
        30.94,
        34.49,
        29.38,
        45.85
      ],
      [
        26.91,
        36.25,
        14.54,
        0.0,
        33.65,
        54.31,
        42.79,
        42.56,
        28.37,
        26.86,
        29.49,
        31.32
      ],
      [
        24.5,
        55.19,
        27.0,
        33.65,
        0.0,
        30.46,
        74.16,
        9.16,
        57.74,
        59.63,
        56.39,
        59.35
      ],
      [
        54.66,
        56.31,
        41.04,
        54.31,
        30.46,
        0.0,
        84.87,
        25.44,
        68.11,
        74.47,
        64.48,
        84.69
      ],
      [
        68.9,
        32.4,
        47.67,
        42.79,
        74.16,
        84.87,
        0.0,
        82.15,
        16.96,
        16.71,
        20.49,
        46.64
      ],
      [
        32.27,
        60.96,
        34.54,
        42.56,
        9.16,
        25.44,
        82.15,
        0.0,
        65.48,
        68.11,
        63.68,
        68.44
      ],
      [
        55.26,
        19.74,
        30.94,
        28.37,
        57.74,
        68.11,
        16.96,
        65.48,
        0.0,
        11.24,
        5.47,
        42.63
      ],
      [
        52.35,
        30.8,
        34.49,
        26.86,
        59.63,
        74.47,
        16.71,
        68.11,
        11.24,
        0.0,
        16.62,
        32.63
      ],
      [
        56.28,
        14.28,
        29.38,
        29.49,
        56.39,
        64.48,
        20.49,
        63.68,
        5.47,
        16.62,
        0.0,
        47.15
      ],
      [
        39.81,
        59.65,
        45.85,
        31.32,
        59.35,
        84.69,
        46.64,
        68.44,
        42.63,
        32.63,
        47.15,
        0.0
      ]
    ],
    "demands": [
      0,
      2,
      2,
      4,
      2,
      4,
      2,
      3,
      3,
      5,
      5,
      5
    ],
    "vehicle_capacities": [
      28,
      15,
      20,
      18
    ],
    "vehicle_speeds": [
      34,
      33,
      56,
      55
    ],
    "vehicle_fixed_costs": [
      10,
      0,
      6,
      9
    ],
    "vehicle_cost_per_km": [
      0.12,
      0.14,
      0.09,
      0.15
    ],
    "time_windows": [
      [
        0,
        100
      ],
      [
        24,
        53
      ],
      [
        22,
        45
      ],
      [
        15,
        37
      ],
      [
        13,
        37
      ],
      [
        25,
        37
      ],
      [
        13,
        27
      ],
      [
        19,
        33
      ],
      [
        23,
        41
      ],
      [
        16,
        40
      ],
      [
        25,
        53
      ],
      [
        12,
        34
      ]
    ],
    "service_times": [
      0,
      10,
      4,
      3,
      3,
      9,
      9,
      10,
      6,
      10,
      3,
      8
    ],
    "beta": 10,
    "gamma": 20,
    "eta": 10,
    "lambda_demand": [
      0,
      100,
      100,
      200,
      100,
      200,
      100,
      150,
      150,
      250,
      250,
      250
    ],
    "cost_matrix": [
      [
        [
          0.0,
          7.33,
          3.86,
          3.23,
          2.94,
          6.56,
          8.27,
          3.87,
          6.63,
          6.28,
          6.75,
          4.78
        ],
        [
          7.33,
          0.0,
          3.59,
          4.35,
          6.62,
          6.76,
          3.89,
          7.32,
          2.37,
          3.7,
          1.71,
          7.16
        ],
        [
          3.86,
          3.59,
          0.0,
          1.74,
          3.24,
          4.92,
          5.72,
          4.14,
          3.71,
          4.14,
          3.53,
          5.5
        ],
        [
          3.23,
          4.35,
          1.74,
          0.0,
          4.04,
          6.52,
          5.13,
          5.11,
          3.4,
          3.22,
          3.54,
          3.76
        ],
        [
          2.94,
          6.62,
          3.24,
          4.04,
          0.0,
          3.66,
          8.9,
          1.1,
          6.93,
          7.16,
          6.77,
          7.12
        ],
        [
          6.56,
          6.76,
          4.92,
          6.52,
          3.66,
          0.0,
          10.18,
          3.05,
          8.17,
          8.94,
          7.74,
          10.16
        ],
        [
          8.27,
          3.89,
          5.72,
          5.13,
          8.9,
          10.18,
          0.0,
          9.86,
          2.04,
          2.01,
          2.46,
          5.6
        ],
        [
          3.87,
          7.32,
          4.14,
          5.11,
          1.1,
          3.05,
          9.86,
          0.0,
          7.86,
          8.17,
          7.64,
          8.21
        ],
        [
          6.63,
          2.37,
          3.71,
          3.4,
          6.93,
          8.17,
          2.04,
          7.86,
          0.0,
          1.35,
          0.66,
          5.12
        ],
        [
          6.28,
          3.7,
          4.14,
          3.22,
          7.16,
          8.94,
          2.01,
          8.17,
          1.35,
          0.0,
          1.99,
          3.92
        ],
        [
          6.75,
          1.71,
          3.53,
          3.54,
          6.77,
          7.74,
          2.46,
          7.64,
          0.66,
          1.99,
          0.0,
          5.66
        ],
        [
          4.78,
          7.16,
          5.5,
          3.76,
          7.12,
          10.16,
          5.6,
          8.21,
          5.12,
          3.92,
          5.66,
          0.0
        ]
      ],
      [
        [
          0.0,
          8.55,
          4.5,
          3.77,
          3.43,
          7.65,
          9.65,
          4.52,
          7.74,
          7.33,
          7.88,
          5.57
        ],
        [
          8.55,
          0.0,
          4.18,
          5.08,
          7.73,
          7.88,
          4.54,
          8.53,
          2.76,
          4.31,
          2.0,
          8.35
        ],
        [
          4.5,
          4.18,
          0.0,
          2.04,
          3.78,
          5.75,
          6.67,
          4.84,
          4.33,
          4.83,
          4.11,
          6.42
        ],
        [
          3.77,
          5.08,
          2.04,
          0.0,
          4.71,
          7.6,
          5.99,
          5.96,
          3.97,
          3.76,
          4.13,
          4.38
        ],
        [
          3.43,
          7.73,
          3.78,
          4.71,
          0.0,
          4.26,
          10.38,
          1.28,
          8.08,
          8.35,
          7.89,
          8.31
        ],
        [
          7.65,
          7.88,
          5.75,
          7.6,
          4.26,
          0.0,
          11.88,
          3.56,
          9.54,
          10.43,
          9.03,
          11.86
        ],
        [
          9.65,
          4.54,
          6.67,
          5.99,
          10.38,
          11.88,
          0.0,
          11.5,
          2.37,
          2.34,
          2.87,
          6.53
        ],
        [
          4.52,
          8.53,
          4.84,
          5.96,
          1.28,
          3.56,
          11.5,
          0.0,
          9.17,
          9.54,
          8.92,
          9.58
        ],
        [
          7.74,
          2.76,
          4.33,
          3.97,
          8.08,
          9.54,
          2.37,
          9.17,
          0.0,
          1.57,
          0.77,
          5.97
        ],
        [
          7.33,
          4.31,
          4.83,
          3.76,
          8.35,
          10.43,
          2.34,
          9.54,
          1.57,
          0.0,
          2.33,
          4.57
        ],
        [
          7.88,
          2.0,
          4.11,
          4.13,
          7.89,
          9.03,
          2.87,
          8.92,
          0.77,
          2.33,
          0.0,
          6.6
        ],
        [
          5.57,
          8.35,
          6.42,
          4.38,
          8.31,
          11.86,
          6.53,
          9.58,
          5.97,
          4.57,
          6.6,
          0.0
        ]
      ],
      [
        [
          0.0,
          5.5,
          2.89,
          2.42,
          2.21,
          4.92,
          6.2,
          2.9,
          4.97,
          4.71,
          5.07,
          3.58
        ],
        [
          5.5,
          0.0,
          2.69,
          3.26,
          4.97,
          5.07,
          2.92,
          5.49,
          1.78,
          2.77,
          1.29,
          5.37
        ],
        [
          2.89,
          2.69,
          0.0,
          1.31,
          2.43,
          3.69,
          4.29,
          3.11,
          2.78,
          3.1,
          2.64,
          4.13
        ],
        [
          2.42,
          3.26,
          1.31,
          0.0,
          3.03,
          4.89,
          3.85,
          3.83,
          2.55,
          2.42,
          2.65,
          2.82
        ],
        [
          2.21,
          4.97,
          2.43,
          3.03,
          0.0,
          2.74,
          6.67,
          0.82,
          5.2,
          5.37,
          5.08,
          5.34
        ],
        [
          4.92,
          5.07,
          3.69,
          4.89,
          2.74,
          0.0,
          7.64,
          2.29,
          6.13,
          6.7,
          5.8,
          7.62
        ],
        [
          6.2,
          2.92,
          4.29,
          3.85,
          6.67,
          7.64,
          0.0,
          7.39,
          1.53,
          1.5,
          1.84,
          4.2
        ],
        [
          2.9,
          5.49,
          3.11,
          3.83,
          0.82,
          2.29,
          7.39,
          0.0,
          5.89,
          6.13,
          5.73,
          6.16
        ],
        [
          4.97,
          1.78,
          2.78,
          2.55,
          5.2,
          6.13,
          1.53,
          5.89,
          0.0,
          1.01,
          0.49,
          3.84
        ],
        [
          4.71,
          2.77,
          3.1,
          2.42,
          5.37,
          6.7,
          1.5,
          6.13,
          1.01,
          0.0,
          1.5,
          2.94
        ],
        [
          5.07,
          1.29,
          2.64,
          2.65,
          5.08,
          5.8,
          1.84,
          5.73,
          0.49,
          1.5,
          0.0,
          4.24
        ],
        [
          3.58,
          5.37,
          4.13,
          2.82,
          5.34,
          7.62,
          4.2,
          6.16,
          3.84,
          2.94,
          4.24,
          0.0
        ]
      ],
      [
        [
          0.0,
          9.16,
          4.82,
          4.04,
          3.67,
          8.2,
          10.34,
          4.84,
          8.29,
          7.85,
          8.44,
          5.97
        ],
        [
          9.16,
          0.0,
          4.48,
          5.44,
          8.28,
          8.45,
          4.86,
          9.14,
          2.96,
          4.62,
          2.14,
          8.95
        ],
        [
          4.82,
          4.48,
          0.0,
          2.18,
          4.05,
          6.16,
          7.15,
          5.18,
          4.64,
          5.17,
          4.41,
          6.88
        ],
        [
          4.04,
          5.44,
          2.18,
          0.0,
          5.05,
          8.15,
          6.42,
          6.38,
          4.26,
          4.03,
          4.42,
          4.7
        ],
        [
          3.67,
          8.28,
          4.05,
          5.05,
          0.0,
          4.57,
          11.12,
          1.37,
          8.66,
          8.94,
          8.46,
          8.9
        ],
        [
          8.2,
          8.45,
          6.16,
          8.15,
          4.57,
          0.0,
          12.73,
          3.82,
          10.22,
          11.17,
          9.67,
          12.7
        ],
        [
          10.34,
          4.86,
          7.15,
          6.42,
          11.12,
          12.73,
          0.0,
          12.32,
          2.54,
          2.51,
          3.07,
          7.0
        ],
        [
          4.84,
          9.14,
          5.18,
          6.38,
          1.37,
          3.82,
          12.32,
          0.0,
          9.82,
          10.22,
          9.55,
          10.27
        ],
        [
          8.29,
          2.96,
          4.64,
          4.26,
          8.66,
          10.22,
          2.54,
          9.82,
          0.0,
          1.69,
          0.82,
          6.39
        ],
        [
          7.85,
          4.62,
          5.17,
          4.03,
          8.94,
          11.17,
          2.51,
          10.22,
          1.69,
          0.0,
          2.49,
          4.89
        ],
        [
          8.44,
          2.14,
          4.41,
          4.42,
          8.46,
          9.67,
          3.07,
          9.55,
          0.82,
          2.49,
          0.0,
          7.07
        ],
        [
          5.97,
          8.95,
          6.88,
          4.7,
          8.9,
          12.7,
          7.0,
          10.27,
          6.39,
          4.89,
          7.07,
          0.0
        ]
      ]
    ],
    "w_fixed": 1.0,
    "w_distance": 1.0,
    "w_early": 1.0,
    "w_late": 1.0,
    "w_unserved": 1.0
  },
  {
    "num_customers": 15,
    "num_vehicles": 3,
    "depot": 0,
    "nodes": [
      0,
      1,
      2,
      3,
      4,
      5,
      6,
      7,
      8,
      9,
      10,
      11,
      12,
      13,
      14,
      15
    ],
    "customers": [
      1,
      2,
      3,
      4,
      5,
      6,
      7,
      8,
      9,
      10,
      11,
      12,
      13,
      14,
      15
    ],
    "coords": [
      [
        55.91008393910596,
        73.20055677566326
      ],
      [
        70.7394378916204,
        15.563453550553309
      ],
      [
        90.28764516327756,
        92.53616082154363
      ],
      [
        75.46413612585965,
        42.19979350048965
      ],
      [
        68.54069235087272,
        43.06484558522595
      ],
      [
        64.0179682684082,
        60.16334866792739
      ],
      [
        75.48763618067825,
        36.20439249281604
      ],
      [
        58.4311401865672,
        64.73241230678222
      ],
      [
        50.3790551964545,
        86.81869568771536
      ],
      [
        78.26543368498672,
        14.028471659120056
      ],
      [
        16.738716029734647,
        99.68939644061578
      ],
      [
        24.495543842329138,
        4.397782948796891
      ],
      [
        64.86151758838311,
        27.06510169456333
      ],
      [
        89.6897152785385,
        99.28931941250752
      ],
      [
        9.127263191382696,
        53.20124677499906
      ],
      [
        13.733235798183241,
        30.642008877527026
      ]
    ],
    "distance_matrix": [
      [
        0.0,
        59.51,
        39.44,
        36.65,
        32.68,
        15.35,
        41.86,
        8.84,
        14.7,
        63.25,
        47.29,
        75.64,
        47.0,
        42.68,
        50.88,
        59.92
      ],
      [
        59.51,
        0.0,
        79.42,
        27.05,
        27.59,
        45.1,
        21.18,
        50.69,
        74.11,
        7.68,
        99.97,
        47.57,
        12.92,
        85.84,
        72.2,
        58.97
      ],
      [
        39.44,
        79.42,
        0.0,
        52.47,
        54.04,
        41.69,
        58.24,
        42.28,
        40.32,
        79.42,
        73.9,
        109.99,
        70.23,
        6.78,
        90.19,
        98.45
      ],
      [
        36.65,
        27.05,
        52.47,
        0.0,
        6.98,
        21.3,
        6.0,
        28.25,
        51.19,
        28.31,
        82.18,
        63.46,
        18.48,
        58.84,
        67.24,
        62.8
      ],
      [
        32.68,
        27.59,
        54.04,
        6.98,
        0.0,
        17.69,
        9.76,
        23.91,
        47.37,
        30.62,
        76.74,
        58.61,
        16.42,
        60.07,
        60.27,
        56.2
      ],
      [
        15.35,
        45.1,
        41.69,
        21.3,
        17.69,
        0.0,
        26.56,
        7.22,
        29.94,
        48.28,
        61.62,
        68.35,
        33.11,
        46.8,
        55.33,
        58.31
      ],
      [
        41.86,
        21.18,
        58.24,
        6.0,
        9.76,
        26.56,
        0.0,
        33.24,
        56.5,
        22.35,
        86.5,
        60.1,
        14.02,
        64.66,
        68.5,
        62.0
      ],
      [
        8.84,
        50.69,
        42.28,
        28.25,
        23.91,
        7.22,
        33.24,
        0.0,
        23.51,
        54.45,
        54.41,
        69.22,
        38.21,
        46.6,
        50.63,
        56.21
      ],
      [
        14.7,
        74.11,
        40.32,
        51.19,
        47.37,
        29.94,
        56.5,
        23.51,
        0.0,
        77.95,
        36.02,
        86.39,
        61.48,
        41.24,
        53.22,
        67.07
      ],
      [
        63.25,
        7.68,
        79.42,
        28.31,
        30.62,
        48.28,
        22.35,
        54.45,
        77.95,
        0.0,
        105.47,
        54.63,
        18.7,
        86.02,
        79.46,
        66.64
      ],
      [
        47.29,
        99.97,
        73.9,
        82.18,
        76.74,
        61.62,
        86.5,
        54.41,
        36.02,
        105.47,
        0.0,
        95.61,
        87.12,
        72.95,
        47.11,
        69.11
      ],
      [
        75.64,
        47.57,
        109.99,
        63.46,
        58.61,
        68.35,
        60.1,
        69.22,
        86.39,
        54.63,
        95.61,
        0.0,
        46.29,
        115.13,
        51.17,
        28.37
      ],
      [
        47.0,
        12.92,
        70.23,
        18.48,
        16.42,
        33.11,
        14.02,
        38.21,
        61.48,
        18.7,
        87.12,
        46.29,
        0.0,
        76.37,
        61.56,
        51.25
      ],
      [
        42.68,
        85.84,
        6.78,
        58.84,
        60.07,
        46.8,
        64.66,
        46.6,
        41.24,
        86.02,
        72.95,
        115.13,
        76.37,
        0.0,
        92.81,
        102.38
      ],
      [
        50.88,
        72.2,
        90.19,
        67.24,
        60.27,
        55.33,
        68.5,
        50.63,
        53.22,
        79.46,
        47.11,
        51.17,
        61.56,
        92.81,
        0.0,
        23.02
      ],
      [
        59.92,
        58.97,
        98.45,
        62.8,
        56.2,
        58.31,
        62.0,
        56.21,
        67.07,
        66.64,
        69.11,
        28.37,
        51.25,
        102.38,
        23.02,
        0.0
      ]
    ],
    "demands": [
      0,
      4,
      5,
      5,
      1,
      2,
      4,
      5,
      5,
      3,
      1,
      3,
      3,
      2,
      5,
      5
    ],
    "vehicle_capacities": [
      18,
      25,
      16
    ],
    "vehicle_speeds": [
      59,
      48,
      32
    ],
    "vehicle_fixed_costs": [
      7,
      2,
      4
    ],
    "vehicle_cost_per_km": [
      0.11,
      0.09,
      0.06
    ],
    "time_windows": [
      [
        0,
        100
      ],
      [
        25,
        36
      ],
      [
        26,
        39
      ],
      [
        18,
        32
      ],
      [
        11,
        22
      ],
      [
        26,
        50
      ],
      [
        25,
        45
      ],
      [
        23,
        47
      ],
      [
        25,
        52
      ],
      [
        24,
        47
      ],
      [
        22,
        50
      ],
      [
        14,
        39
      ],
      [
        16,
        39
      ],
      [
        26,
        45
      ],
      [
        22,
        43
      ],
      [
        21,
        35
      ]
    ],
    "service_times": [
      0,
      3,
      10,
      9,
      7,
      6,
      7,
      6,
      6,
      10,
      8,
      4,
      4,
      4,
      4,
      3
    ],
    "beta": 10,
    "gamma": 20,
    "eta": 10,
    "lambda_demand": [
      0,
      200,
      250,
      250,
      50,
      100,
      200,
      250,
      250,
      150,
      50,
      150,
      150,
      100,
      250,
      250
    ],
    "cost_matrix": [
      [
        [
          0.0,
          6.55,
          4.34,
          4.03,
          3.59,
          1.69,
          4.6,
          0.97,
          1.62,
          6.96,
          5.2,
          8.32,
          5.17,
          4.69,
          5.6,
          6.59
        ],
        [
          6.55,
          0.0,
          8.74,
          2.98,
          3.03,
          4.96,
          2.33,
          5.58,
          8.15,
          0.84,
          11.0,
          5.23,
          1.42,
          9.44,
          7.94,
          6.49
        ],
        [
          4.34,
          8.74,
          0.0,
          5.77,
          5.94,
          4.59,
          6.41,
          4.65,
          4.44,
          8.74,
          8.13,
          12.1,
          7.73,
          0.75,
          9.92,
          10.83
        ],
        [
          4.03,
          2.98,
          5.77,
          0.0,
          0.77,
          2.34,
          0.66,
          3.11,
          5.63,
          3.11,
          9.04,
          6.98,
          2.03,
          6.47,
          7.4,
          6.91
        ],
        [
          3.59,
          3.03,
          5.94,
          0.77,
          0.0,
          1.95,
          1.07,
          2.63,
          5.21,
          3.37,
          8.44,
          6.45,
          1.81,
          6.61,
          6.63,
          6.18
        ],
        [
          1.69,
          4.96,
          4.59,
          2.34,
          1.95,
          0.0,
          2.92,
          0.79,
          3.29,
          5.31,
          6.78,
          7.52,
          3.64,
          5.15,
          6.09,
          6.41
        ],
        [
          4.6,
          2.33,
          6.41,
          0.66,
          1.07,
          2.92,
          0.0,
          3.66,
          6.21,
          2.46,
          9.52,
          6.61,
          1.54,
          7.11,
          7.54,
          6.82
        ],
        [
          0.97,
          5.58,
          4.65,
          3.11,
          2.63,
          0.79,
          3.66,
          0.0,
          2.59,
          5.99,
          5.99,
          7.61,
          4.2,
          5.13,
          5.57,
          6.18
        ],
        [
          1.62,
          8.15,
          4.44,
          5.63,
          5.21,
          3.29,
          6.21,
          2.59,
          0.0,
          8.57,
          3.96,
          9.5,
          6.76,
          4.54,
          5.85,
          7.38
        ],
        [
          6.96,
          0.84,
          8.74,
          3.11,
          3.37,
          5.31,
          2.46,
          5.99,
          8.57,
          0.0,
          11.6,
          6.01,
          2.06,
          9.46,
          8.74,
          7.33
        ],
        [
          5.2,
          11.0,
          8.13,
          9.04,
          8.44,
          6.78,
          9.52,
          5.99,
          3.96,
          11.6,
          0.0,
          10.52,
          9.58,
          8.02,
          5.18,
          7.6
        ],
        [
          8.32,
          5.23,
          12.1,
          6.98,
          6.45,
          7.52,
          6.61,
          7.61,
          9.5,
          6.01,
          10.52,
          0.0,
          5.09,
          12.66,
          5.63,
          3.12
        ],
        [
          5.17,
          1.42,
          7.73,
          2.03,
          1.81,
          3.64,
          1.54,
          4.2,
          6.76,
          2.06,
          9.58,
          5.09,
          0.0,
          8.4,
          6.77,
          5.64
        ],
        [
          4.69,
          9.44,
          0.75,
          6.47,
          6.61,
          5.15,
          7.11,
          5.13,
          4.54,
          9.46,
          8.02,
          12.66,
          8.4,
          0.0,
          10.21,
          11.26
        ],
        [
          5.6,
          7.94,
          9.92,
          7.4,
          6.63,
          6.09,
          7.54,
          5.57,
          5.85,
          8.74,
          5.18,
          5.63,
          6.77,
          10.21,
          0.0,
          2.53
        ],
        [
          6.59,
          6.49,
          10.83,
          6.91,
          6.18,
          6.41,
          6.82,
          6.18,
          7.38,
          7.33,
          7.6,
          3.12,
          5.64,
          11.26,
          2.53,
          0.0
        ]
      ],
      [
        [
          0.0,
          5.36,
          3.55,
          3.3,
          2.94,
          1.38,
          3.77,
          0.8,
          1.32,
          5.69,
          4.26,
          6.81,
          4.23,
          3.84,
          4.58,
          5.39
        ],
        [
          5.36,
          0.0,
          7.15,
          2.43,
          2.48,
          4.06,
          1.91,
          4.56,
          6.67,
          0.69,
          9.0,
          4.28,
          1.16,
          7.73,
          6.5,
          5.31
        ],
        [
          3.55,
          7.15,
          0.0,
          4.72,
          4.86,
          3.75,
          5.24,
          3.81,
          3.63,
          7.15,
          6.65,
          9.9,
          6.32,
          0.61,
          8.12,
          8.86
        ],
        [
          3.3,
          2.43,
          4.72,
          0.0,
          0.63,
          1.92,
          0.54,
          2.54,
          4.61,
          2.55,
          7.4,
          5.71,
          1.66,
          5.3,
          6.05,
          5.65
        ],
        [
          2.94,
          2.48,
          4.86,
          0.63,
          0.0,
          1.59,
          0.88,
          2.15,
          4.26,
          2.76,
          6.91,
          5.27,
          1.48,
          5.41,
          5.42,
          5.06
        ],
        [
          1.38,
          4.06,
          3.75,
          1.92,
          1.59,
          0.0,
          2.39,
          0.65,
          2.69,
          4.35,
          5.55,
          6.15,
          2.98,
          4.21,
          4.98,
          5.25
        ],
        [
          3.77,
          1.91,
          5.24,
          0.54,
          0.88,
          2.39,
          0.0,
          2.99,
          5.08,
          2.01,
          7.79,
          5.41,
          1.26,
          5.82,
          6.17,
          5.58
        ],
        [
          0.8,
          4.56,
          3.81,
          2.54,
          2.15,
          0.65,
          2.99,
          0.0,
          2.12,
          4.9,
          4.9,
          6.23,
          3.44,
          4.19,
          4.56,
          5.06
        ],
        [
          1.32,
          6.67,
          3.63,
          4.61,
          4.26,
          2.69,
          5.08,
          2.12,
          0.0,
          7.02,
          3.24,
          7.78,
          5.53,
          3.71,
          4.79,
          6.04
        ],
        [
          5.69,
          0.69,
          7.15,
          2.55,
          2.76,
          4.35,
          2.01,
          4.9,
          7.02,
          0.0,
          9.49,
          4.92,
          1.68,
          7.74,
          7.15,
          6.0
        ],
        [
          4.26,
          9.0,
          6.65,
          7.4,
          6.91,
          5.55,
          7.79,
          4.9,
          3.24,
          9.49,
          0.0,
          8.6,
          7.84,
          6.57,
          4.24,
          6.22
        ],
        [
          6.81,
          4.28,
          9.9,
          5.71,
          5.27,
          6.15,
          5.41,
          6.23,
          7.78,
          4.92,
          8.6,
          0.0,
          4.17,
          10.36,
          4.61,
          2.55
        ],
        [
          4.23,
          1.16,
          6.32,
          1.66,
          1.48,
          2.98,
          1.26,
          3.44,
          5.53,
          1.68,
          7.84,
          4.17,
          0.0,
          6.87,
          5.54,
          4.61
        ],
        [
          3.84,
          7.73,
          0.61,
          5.3,
          5.41,
          4.21,
          5.82,
          4.19,
          3.71,
          7.74,
          6.57,
          10.36,
          6.87,
          0.0,
          8.35,
          9.21
        ],
        [
          4.58,
          6.5,
          8.12,
          6.05,
          5.42,
          4.98,
          6.17,
          4.56,
          4.79,
          7.15,
          4.24,
          4.61,
          5.54,
          8.35,
          0.0,
          2.07
        ],
        [
          5.39,
          5.31,
          8.86,
          5.65,
          5.06,
          5.25,
          5.58,
          5.06,
          6.04,
          6.0,
          6.22,
          2.55,
          4.61,
          9.21,
          2.07,
          0.0
        ]
      ],
      [
        [
          0.0,
          3.57,
          2.37,
          2.2,
          1.96,
          0.92,
          2.51,
          0.53,
          0.88,
          3.79,
          2.84,
          4.54,
          2.82,
          2.56,
          3.05,
          3.6
        ],
        [
          3.57,
          0.0,
          4.77,
          1.62,
          1.66,
          2.71,
          1.27,
          3.04,
          4.45,
          0.46,
          6.0,
          2.85,
          0.78,
          5.15,
          4.33,
          3.54
        ],
        [
          2.37,
          4.77,
          0.0,
          3.15,
          3.24,
          2.5,
          3.49,
          2.54,
          2.42,
          4.77,
          4.43,
          6.6,
          4.21,
          0.41,
          5.41,
          5.91
        ],
        [
          2.2,
          1.62,
          3.15,
          0.0,
          0.42,
          1.28,
          0.36,
          1.69,
          3.07,
          1.7,
          4.93,
          3.81,
          1.11,
          3.53,
          4.03,
          3.77
        ],
        [
          1.96,
          1.66,
          3.24,
          0.42,
          0.0,
          1.06,
          0.59,
          1.43,
          2.84,
          1.84,
          4.6,
          3.52,
          0.99,
          3.6,
          3.62,
          3.37
        ],
        [
          0.92,
          2.71,
          2.5,
          1.28,
          1.06,
          0.0,
          1.59,
          0.43,
          1.8,
          2.9,
          3.7,
          4.1,
          1.99,
          2.81,
          3.32,
          3.5
        ],
        [
          2.51,
          1.27,
          3.49,
          0.36,
          0.59,
          1.59,
          0.0,
          1.99,
          3.39,
          1.34,
          5.19,
          3.61,
          0.84,
          3.88,
          4.11,
          3.72
        ],
        [
          0.53,
          3.04,
          2.54,
          1.69,
          1.43,
          0.43,
          1.99,
          0.0,
          1.41,
          3.27,
          3.26,
          4.15,
          2.29,
          2.8,
          3.04,
          3.37
        ],
        [
          0.88,
          4.45,
          2.42,
          3.07,
          2.84,
          1.8,
          3.39,
          1.41,
          0.0,
          4.68,
          2.16,
          5.18,
          3.69,
          2.47,
          3.19,
          4.02
        ],
        [
          3.79,
          0.46,
          4.77,
          1.7,
          1.84,
          2.9,
          1.34,
          3.27,
          4.68,
          0.0,
          6.33,
          3.28,
          1.12,
          5.16,
          4.77,
          4.0
        ],
        [
          2.84,
          6.0,
          4.43,
          4.93,
          4.6,
          3.7,
          5.19,
          3.26,
          2.16,
          6.33,
          0.0,
          5.74,
          5.23,
          4.38,
          2.83,
          4.15
        ],
        [
          4.54,
          2.85,
          6.6,
          3.81,
          3.52,
          4.1,
          3.61,
          4.15,
          5.18,
          3.28,
          5.74,
          0.0,
          2.78,
          6.91,
          3.07,
          1.7
        ],
        [
          2.82,
          0.78,
          4.21,
          1.11,
          0.99,
          1.99,
          0.84,
          2.29,
          3.69,
          1.12,
          5.23,
          2.78,
          0.0,
          4.58,
          3.69,
          3.07
        ],
        [
          2.56,
          5.15,
          0.41,
          3.53,
          3.6,
          2.81,
          3.88,
          2.8,
          2.47,
          5.16,
          4.38,
          6.91,
          4.58,
          0.0,
          5.57,
          6.14
        ],
        [
          3.05,
          4.33,
          5.41,
          4.03,
          3.62,
          3.32,
          4.11,
          3.04,
          3.19,
          4.77,
          2.83,
          3.07,
          3.69,
          5.57,
          0.0,
          1.38
        ],
        [
          3.6,
          3.54,
          5.91,
          3.77,
          3.37,
          3.5,
          3.72,
          3.37,
          4.02,
          4.0,
          4.15,
          1.7,
          3.07,
          6.14,
          1.38,
          0.0
        ]
      ]
    ],
    "w_fixed": 1.0,
    "w_distance": 1.0,
    "w_early": 1.0,
    "w_late": 1.0,
    "w_unserved": 1.0
  },
  {
    "num_customers": 11,
    "num_vehicles": 2,
    "depot": 0,
    "nodes": [
      0,
      1,
      2,
      3,
      4,
      5,
      6,
      7,
      8,
      9,
      10,
      11
    ],
    "customers": [
      1,
      2,
      3,
      4,
      5,
      6,
      7,
      8,
      9,
      10,
      11
    ],
    "coords": [
      [
        72.48185547446062,
        2.911861836115248
      ],
      [
        14.375739283976053,
        53.49812343871181
      ],
      [
        1.7686082394410385,
        81.27578627530984
      ],
      [
        73.9248741026536,
        8.044886728709121
      ],
      [
        91.30853246247672,
        27.4469930781555
      ],
      [
        45.77558816582219,
        43.775657548900384
      ],
      [
        82.34800800773573,
        65.50486372036485
      ],
      [
        25.243043525412155,
        43.436038016737655
      ],
      [
        75.85027983706932,
        21.867874727274916
      ],
      [
        22.97664715639317,
        82.8585727049449
      ],
      [
        25.465873280339867,
        55.211220496976054
      ],
      [
        57.62411525070101,
        84.20637895535847
      ]
    ],
    "distance_matrix": [
      [
        0.0,
        77.04,
        105.55,
        5.33,
        30.93,
        48.82,
        63.37,
        62.24,
        19.25,
        94.03,
        70.33,
        82.64
      ],
      [
        77.04,
        0.0,
        30.5,
        74.91,
        81.22,
        32.87,
        69.02,
        14.81,
        69.13,
        30.59,
        11.22,
        53.04
      ],
      [
        105.55,
        30.5,
        0.0,
        102.81,
        104.47,
        57.82,
        82.11,
        44.53,
        94.96,
        21.27,
        35.23,
        55.93
      ],
      [
        5.33,
        74.91,
        102.81,
        0.0,
        26.05,
        45.49,
        58.07,
        60.19,
        13.96,
        90.51,
        67.62,
        77.89
      ],
      [
        30.93,
        81.22,
        104.47,
        26.05,
        0.0,
        48.37,
        39.1,
        67.97,
        16.43,
        87.98,
        71.46,
        66.0
      ],
      [
        48.82,
        32.87,
        57.82,
        45.49,
        48.37,
        0.0,
        42.54,
        20.54,
        37.21,
        45.25,
        23.31,
        42.13
      ],
      [
        63.37,
        69.02,
        82.11,
        58.07,
        39.1,
        42.54,
        0.0,
        61.22,
        44.12,
        61.86,
        57.81,
        31.0
      ],
      [
        62.24,
        14.81,
        44.53,
        60.19,
        67.97,
        20.54,
        61.22,
        0.0,
        55.01,
        39.49,
        11.78,
        52.06
      ],
      [
        19.25,
        69.13,
        94.96,
        13.96,
        16.43,
        37.21,
        44.12,
        55.01,
        0.0,
        80.72,
        60.42,
        64.95
      ],
      [
        94.03,
        30.59,
        21.27,
        90.51,
        87.98,
        45.25,
        61.86,
        39.49,
        80.72,
        0.0,
        27.76,
        34.67
      ],
      [
        70.33,
        11.22,
        35.23,
        67.62,
        71.46,
        23.31,
        57.81,
        11.78,
        60.42,
        27.76,
        0.0,
        43.3
      ],
      [
        82.64,
        53.04,
        55.93,
        77.89,
        66.0,
        42.13,
        31.0,
        52.06,
        64.95,
        34.67,
        43.3,
        0.0
      ]
    ],
    "demands": [
      0,
      2,
      5,
      3,
      1,
      4,
      5,
      5,
      1,
      2,
      2,
      4
    ],
    "vehicle_capacities": [
      24,
      25
    ],
    "vehicle_speeds": [
      33,
      50
    ],
    "vehicle_fixed_costs": [
      7,
      4
    ],
    "vehicle_cost_per_km": [
      0.15,
      0.1
    ],
    "time_windows": [
      [
        0,
        100
      ],
      [
        11,
        36
      ],
      [
        24,
        38
      ],
      [
        27,
        46
      ],
      [
        15,
        33
      ],
      [
        19,
        40
      ],
      [
        12,
        41
      ],
      [
        19,
        34
      ],
      [
        17,
        38
      ],
      [
        27,
        44
      ],
      [
        30,
        58
      ],
      [
        23,
        52
      ]
    ],
    "service_times": [
