[
  {
    "num_customers": 8,
    "num_vehicles": 4,
    "nodes": [
      0,
      1,
      2,
      3,
      4,
      5,
      6,
      7,
      8
    ],
    "customers": [
      1,
      2,
      3,
      4,
      5,
      6,
      7,
      8
    ],
    "distance_matrix": [
      [
        0.0,
        2.81,
        73.5,
        70.14,
        52.41,
        79.83,
        65.48,
        66.28,
        86.08
      ],
      [
        2.81,
        0.0,
        72.72,
        68.61,
        50.94,
        77.71,
        64.69,
        63.49,
        85.82
      ],
      [
        73.5,
        72.72,
        0.0,
        21.2,
        27.06,
        43.26,
        8.02,
        76.42,
        19.54
      ],
      [
        70.14,
        68.61,
        21.2,
        0.0,
        17.77,
        22.59,
        19.96,
        56.98,
        40.29
      ],
      [
        52.41,
        50.94,
        27.06,
        17.77,
        0.0,
        33.27,
        20.43,
        52.03,
        45.62
      ],
      [
        79.83,
        77.71,
        43.26,
        22.59,
        33.27,
        0.0,
        42.52,
        44.19,
        61.39
      ],
      [
        65.48,
        64.69,
        8.02,
        19.96,
        20.43,
        42.52,
        0.0,
        71.52,
        25.19
      ],
      [
        66.28,
        63.49,
        76.42,
        56.98,
        52.03,
        44.19,
        71.52,
        0.0,
        95.94
      ],
      [
        86.08,
        85.82,
        19.54,
        40.29,
        45.62,
        61.39,
        25.19,
        95.94,
        0.0
      ]
    ],
    "demands": [
      0,
      8,
      10,
      7,
      1,
      7,
      5,
      9,
      8
    ],
    "vehicle_capacities": [
      20,
      24,
      24,
      16
    ],
    "vehicle_speeds": [
      53,
      49,
      58,
      44
    ],
    "vehicle_fixed_costs": [
      121,
      137,
      83,
      129
    ],
    "vehicle_cost_per_km": [
      3.36,
      2.52,
      2.56,
      3.14
    ],
    "time_windows": [
      [
        0,
        100
      ],
      [
        28,
        63
      ],
      [
        25,
        54
      ],
      [
        13,
        36
      ],
      [
        36,
        64
      ],
      [
        29,
        67
      ],
      [
        37,
        73
      ],
      [
        10,
        36
      ],
      [
        32,
        67
      ]
    ],
    "service_times": [
      0,
      3,
      5,
      6,
      3,
      10,
      8,
      7,
      3
    ],
    "cost_matrix": [
      [
        [
          0.0,
          9.44,
          246.96,
          235.67,
          176.1,
          268.23,
          220.01,
          222.7,
          289.23
        ],
        [
          9.44,
          0.0,
          244.34,
          230.53,
          171.16,
          261.11,
          217.36,
          213.33,
          288.36
        ],
        [
          246.96,
          244.34,
          0.0,
          71.23,
          90.92,
          145.35,
          26.95,
          256.77,
          65.65
        ],
        [
          235.67,
          230.53,
          71.23,
          0.0,
          59.71,
          75.9,
          67.07,
          191.45,
          135.37
        ],
        [
          176.1,
          171.16,
          90.92,
          59.71,
          0.0,
          111.79,
          68.64,
          174.82,
          153.28
        ],
        [
          268.23,
          261.11,
          145.35,
          75.9,
          111.79,
          0.0,
          142.87,
          148.48,
          206.27
        ],
        [
          220.01,
          217.36,
          26.95,
          67.07,
          68.64,
          142.87,
          0.0,
          240.31,
          84.64
        ],
        [
          222.7,
          213.33,
          256.77,
          191.45,
          174.82,
          148.48,
          240.31,
          0.0,
          322.36
        ],
        [
          289.23,
          288.36,
          65.65,
          135.37,
          153.28,
          206.27,
          84.64,
          322.36,
          0.0
        ]
      ],
      [
        [
          0.0,
          7.08,
          185.22,
          176.75,
          132.07,
          201.17,
          165.01,
          167.03,
          216.92
        ],
        [
          7.08,
          0.0,
          183.25,
          172.9,
          128.37,
          195.83,
          163.02,
          159.99,
          216.27
        ],
        [
          185.22,
          183.25,
          0.0,
          53.42,
          68.19,
          109.02,
          20.21,
          192.58,
          49.24
        ],
        [
          176.75,
          172.9,
          53.42,
          0.0,
          44.78,
          56.93,
          50.3,
          143.59,
          101.53
        ],
        [
          132.07,
          128.37,
          68.19,
          44.78,
          0.0,
          83.84,
          51.48,
          131.12,
          114.96
        ],
        [
          201.17,
          195.83,
          109.02,
          56.93,
          83.84,
          0.0,
          107.15,
          111.36,
          154.7
        ],
        [
          165.01,
          163.02,
          20.21,
          50.3,
          51.48,
          107.15,
          0.0,
          180.23,
          63.48
        ],
        [
          167.03,
          159.99,
          192.58,
          143.59,
          131.12,
          111.36,
          180.23,
          0.0,
          241.77
        ],
        [
          216.92,
          216.27,
          49.24,
          101.53,
          114.96,
          154.7,
          63.48,
          241.77,
          0.0
        ]
      ],
      [
        [
          0.0,
          7.19,
          188.16,
          179.56,
          134.17,
          204.36,
          167.63,
          169.68,
          220.36
        ],
        [
          7.19,
          0.0,
          186.16,
          175.64,
          130.41,
          198.94,
          165.61,
          162.53,
          219.7
        ],
        [
          188.16,
          186.16,
          0.0,
          54.27,
          69.27,
          110.75,
          20.53,
          195.64,
          50.02
        ],
        [
          179.56,
          175.64,
          54.27,
          0.0,
          45.49,
          57.83,
          51.1,
          145.87,
          103.14
        ],
        [
          134.17,
          130.41,
          69.27,
          45.49,
          0.0,
          85.17,
          52.3,
          133.2,
          116.79
        ],
        [
          204.36,
          198.94,
          110.75,
          57.83,
          85.17,
          0.0,
          108.85,
          113.13,
          157.16
        ],
        [
          167.63,
          165.61,
          20.53,
          51.1,
          52.3,
          108.85,
          0.0,
          183.09,
          64.49
        ],
        [
          169.68,
          162.53,
          195.64,
          145.87,
          133.2,
          113.13,
          183.09,
          0.0,
          245.61
        ],
        [
          220.36,
          219.7,
          50.02,
          103.14,
          116.79,
          157.16,
          64.49,
          245.61,
          0.0
        ]
      ],
      [
        [
          0.0,
          8.82,
          230.79,
          220.24,
          164.57,
          250.67,
          205.61,
          208.12,
          270.29
        ],
        [
          8.82,
          0.0,
          228.34,
          215.44,
          159.95,
          244.01,
          203.13,
          199.36,
          269.47
        ],
        [
          230.79,
          228.34,
          0.0,
          66.57,
          84.97,
          135.84,
          25.18,
          239.96,
          61.36
        ],
        [
          220.24,
          215.44,
          66.57,
          0.0,
          55.8,
          70.93,
          62.67,
          178.92,
          126.51
        ],
        [
          164.57,
          159.95,
          84.97,
          55.8,
          0.0,
          104.47,
          64.15,
          163.37,
          143.25
        ],
        [
          250.67,
          244.01,
          135.84,
          70.93,
          104.47,
          0.0,
          133.51,
          138.76,
          192.76
        ],
        [
          205.61,
          203.13,
          25.18,
          62.67,
          64.15,
          133.51,
          0.0,
          224.57,
          79.1
        ],
        [
          208.12,
          199.36,
          239.96,
          178.92,
          163.37,
          138.76,
          224.57,
          0.0,
          301.25
        ],
        [
          270.29,
          269.47,
          61.36,
          126.51,
          143.25,
          192.76,
          79.1,
          301.25,
          0.0
        ]
      ]
    ],
    "beta": 14,
    "gamma": 19
  },
  {
    "num_customers": 8,
    "num_vehicles": 5,
    "nodes": [
      0,
      1,
      2,
      3,
      4,
      5,
      6,
      7,
      8
    ],
    "customers": [
      1,
      2,
      3,
      4,
      5,
      6,
      7,
      8
    ],
    "distance_matrix": [
      [
        0.0,
        53.7,
        53.14,
        46.21,
        29.32,
        45.86,
        78.33,
        71.95,
        77.55
      ],
      [
        53.7,
        0.0,
        2.98,
        29.59,
        80.91,
        85.52,
        24.73,
        25.79,
        54.38
      ],
      [
        53.14,
        2.98,
        0.0,
        31.83,
        79.85,
        83.62,
        25.83,
        23.91,
        51.5
      ],
      [
        46.21,
        29.59,
        31.83,
        0.0,
        75.42,
        89.25,
        45.78,
        55.32,
        81.52
      ],
      [
        29.32,
        80.91,
        79.85,
        75.42,
        0.0,
        27.43,
        105.61,
        95.26,
        91.15
      ],
      [
        45.86,
        85.52,
        83.62,
        89.25,
        27.43,
        0.0,
        108.84,
        92.62,
        78.22
      ],
      [
        78.33,
        24.73,
        25.83,
        45.78,
        105.61,
        108.84,
        0.0,
        25.34,
        61.47
      ],
      [
        71.95,
        25.79,
        23.91,
        55.32,
        95.26,
        92.62,
        25.34,
        0.0,
        36.14
      ],
      [
        77.55,
        54.38,
        51.5,
        81.52,
        91.15,
        78.22,
        61.47,
        36.14,
        0.0
      ]
    ],
    "demands": [
      0,
      2,
      2,
      9,
      5,
      6,
      1,
      1,
      7
    ],
    "vehicle_capacities": [
      24,
      22,
      15,
      15,
      20
    ],
    "vehicle_speeds": [
      37,
      44,
      53,
      35,
      58
    ],
    "vehicle_fixed_costs": [
      82,
      133,
      149,
      134,
      102
    ],
    "vehicle_cost_per_km": [
      3.34,
      2.36,
      2.92,
      3.09,
      3.44
    ],
    "time_windows": [
      [
        0,
        100
      ],
      [
        24,
        53
      ],
      [
        32,
        52
      ],
      [
        18,
        56
      ],
      [
        18,
        40
      ],
      [
        23,
        56
      ],
      [
        20,
        47
      ],
      [
        27,
        58
      ],
      [
        13,
        45
      ]
    ],
    "service_times": [
      0,
      5,
      6,
      8,
      6,
      8,
      10,
      6,
      6
    ],
    "cost_matrix": [
      [
        [
          0.0,
          179.36,
          177.49,
          154.34,
          97.93,
          153.17,
          261.62,
          240.31,
          259.02
        ],
        [
          179.36,
          0.0,
          9.95,
          98.83,
          270.24,
          285.64,
          82.6,
          86.14,
          181.63
        ],
        [
          177.49,
          9.95,
          0.0,
          106.31,
          266.7,
          279.29,
          86.27,
          79.86,
          172.01
        ],
        [
          154.34,
          98.83,
          106.31,
          0.0,
          251.9,
          298.09,
          152.91,
          184.77,
          272.28
        ],
        [
          97.93,
          270.24,
          266.7,
          251.9,
          0.0,
          91.62,
          352.74,
          318.17,
          304.44
        ],
        [
          153.17,
          285.64,
          279.29,
          298.09,
          91.62,
          0.0,
          363.53,
          309.35,
          261.25
        ],
        [
          261.62,
          82.6,
          86.27,
          152.91,
          352.74,
          363.53,
          0.0,
          84.64,
          205.31
        ],
        [
          240.31,
          86.14,
          79.86,
          184.77,
          318.17,
          309.35,
          84.64,
          0.0,
          120.71
        ],
        [
          259.02,
          181.63,
          172.01,
          272.28,
          304.44,
          261.25,
          205.31,
          120.71,
          0.0
        ]
      ],
      [
        [
          0.0,
          126.73,
          125.41,
          109.06,
          69.2,
          108.23,
          184.86,
          169.8,
          183.02
        ],
        [
          126.73,
          0.0,
          7.03,
          69.83,
          190.95,
          201.83,
          58.36,
          60.86,
          128.34
        ],
        [
          125.41,
          7.03,
          0.0,
          75.12,
          188.45,
          197.34,
          60.96,
          56.43,
          121.54
        ],
        [
          109.06,
          69.83,
          75.12,
          0.0,
          177.99,
          210.63,
          108.04,
          130.56,
          192.39
        ],
        [
          69.2,
          190.95,
          188.45,
          177.99,
          0.0,
          64.73,
          249.24,
          224.81,
          215.11
        ],
        [
          108.23,
          201.83,
          197.34,
          210.63,
          64.73,
          0.0,
          256.86,
          218.58,
          184.6
        ],
        [
          184.86,
          58.36,
          60.96,
          108.04,
          249.24,
          256.86,
          0.0,
          59.8,
          145.07
        ],
        [
          169.8,
          60.86,
          56.43,
          130.56,
          224.81,
          218.58,
          59.8,
          0.0,
          85.29
        ],
        [
          183.02,
          128.34,
          121.54,
          192.39,
          215.11,
          184.6,
          145.07,
          85.29,
          0.0
        ]
      ],
      [
        [
          0.0,
          156.8,
          155.17,
          134.93,
          85.61,
          133.91,
          228.72,
          210.09,
          226.45
        ],
        [
          156.8,
          0.0,
          8.7,
          86.4,
          236.26,
          249.72,
          72.21,
          75.31,
          158.79
        ],
        [
          155.17,
          8.7,
          0.0,
          92.94,
          233.16,
          244.17,
          75.42,
          69.82,
          150.38
        ],
        [
          134.93,
          86.4,
          92.94,
          0.0,
          220.23,
          260.61,
          133.68,
          161.53,
          238.04
        ],
        [
          85.61,
          236.26,
          233.16,
          220.23,
          0.0,
          80.1,
          308.38,
          278.16,
          266.16
        ],
        [
          133.91,
          249.72,
          244.17,
          260.61,
          80.1,
          0.0,
          317.81,
          270.45,
          228.4
        ],
        [
          228.72,
          72.21,
          75.42,
          133.68,
          308.38,
          317.81,
          0.0,
          73.99,
          179.49
        ],
        [
          210.09,
          75.31,
          69.82,
          161.53,
          278.16,
          270.45,
          73.99,
          0.0,
          105.53
        ],
        [
          226.45,
          158.79,
          150.38,
          238.04,
          266.16,
          228.4,
          179.49,
          105.53,
          0.0
        ]
      ],
      [
        [
          0.0,
          165.93,
          164.2,
          142.79,
          90.6,
          141.71,
          242.04,
          222.33,
          239.63
        ],
        [
          165.93,
          0.0,
          9.21,
          91.43,
          250.01,
          264.26,
          76.42,
          79.69,
          168.03
        ],
        [
          164.2,
          9.21,
          0.0,
          98.35,
          246.74,
          258.39,
          79.81,
          73.88,
          159.13
        ],
        [
          142.79,
          91.43,
          98.35,
          0.0,
          233.05,
          275.78,
          141.46,
          170.94,
          251.9
        ],
        [
          90.6,
          250.01,
          246.74,
          233.05,
          0.0,
          84.76,
          326.33,
          294.35,
          281.65
        ],
        [
          141.71,
          264.26,
          258.39,
          275.78,
          84.76,
          0.0,
          336.32,
          286.2,
          241.7
        ],
        [
          242.04,
          76.42,
          79.81,
          141.46,
          326.33,
          336.32,
          0.0,
          78.3,
          189.94
        ],
        [
          222.33,
          79.69,
          73.88,
          170.94,
          294.35,
          286.2,
          78.3,
          0.0,
          111.67
        ],
        [
          239.63,
          168.03,
          159.13,
          251.9,
          281.65,
          241.7,
          189.94,
          111.67,
          0.0
        ]
      ],
      [
        [
          0.0,
          184.73,
          182.8,
          158.96,
          100.86,
          157.76,
          269.46,
          247.51,
          266.77
        ],
        [
          184.73,
          0.0,
          10.25,
          101.79,
          278.33,
          294.19,
          85.07,
          88.72,
          187.07
        ],
        [
          182.8,
          10.25,
          0.0,
          109.5,
          274.68,
          287.65,
          88.86,
          82.25,
          177.16
        ],
        [
          158.96,
          101.79,
          109.5,
          0.0,
          259.44,
          307.02,
          157.48,
          190.3,
          280.43
        ],
        [
          100.86,
          278.33,
          274.68,
          259.44,
          0.0,
          94.36,
          363.3,
          327.69,
          313.56
        ],
        [
          157.76,
          294.19,
          287.65,
          307.02,
          94.36,
          0.0,
          374.41,
          318.61,
          269.08
        ],
        [
          269.46,
          85.07,
          88.86,
          157.48,
          363.3,
          374.41,
          0.0,
          87.17,
          211.46
        ],
        [
          247.51,
          88.72,
          82.25,
          190.3,
          327.69,
          318.61,
          87.17,
          0.0,
          124.32
        ],
        [
          266.77,
          187.07,
          177.16,
          280.43,
          313.56,
          269.08,
          211.46,
          124.32,
          0.0
        ]
      ]
    ],
    "beta": 13,
    "gamma": 19
  },
  {
    "num_customers": 13,
    "num_vehicles": 3,
    "nodes": [
      0,
      1,
      2,
      3,
      4,
      5,
      6,
      7,
      8,
      9,
      10,
      11,
      12,
      13
    ],
    "customers": [
      1,
      2,
      3,
      4,
      5,
      6,
      7,
      8,
      9,
      10,
      11,
      12,
      13
    ],
    "distance_matrix": [
      [
        0.0,
        16.71,
        62.46,
        91.89,
        22.95,
        30.46,
        28.89,
        49.02,
        43.87,
        18.24,
        36.3,
        38.52,
        18.46,
        47.34
      ],
      [
        16.71,
        0.0,
        51.49,
        80.94,
        18.16,
        28.28,
        45.52,
        48.94,
        27.7,
        34.72,
        20.32,
        22.01,
        31.59,
        36.9
      ],
      [
        62.46,
        51.49,
        0.0,
        29.56,
        68.22,
        78.03,
        87.51,
        37.62,
        33.83,
        74.2,
        51.47,
        38.83,
        63.53,
        15.12
      ],
      [
        91.89,
        80.94,
        29.56,
        0.0,
        97.24,
        106.84,
        116.03,
        58.84,
        60.32,
        102.69,
        78.63,
        66.18,
        91.43,
        44.62
      ],
      [
        22.95,
        18.16,
        68.22,
        97.24,
        0.0,
        10.14,
        45.31,
        66.5,
        39.28,
        38.93,
        23.45,
        32.84,
        41.42,
        54.21
      ],
      [
        30.46,
        28.28,
        78.03,
        106.84,
        10.14,
        0.0,
        47.59,
        76.26,
        47.92,
        43.87,
        30.67,
        41.54,
        48.57,
        64.22
      ],
      [
        28.89,
        45.52,
        87.51,
        116.03,
        45.31,
        47.59,
        0.0,
        63.78,
        72.7,
        13.34,
        64.25,
        67.41,
        25.09,
        72.74
      ],
      [
        49.02,
        48.94,
        37.62,
        58.84,
        66.5,
        76.26,
        63.78,
        0.0,
        52.35,
        51.37,
        62.25,
        52.96,
        39.1,
        30.62
      ],
      [
        43.87,
        27.7,
        33.83,
        60.32,
        39.28,
        47.92,
        72.7,
        52.35,
        0.0,
        60.91,
        18.33,
        6.44,
        54.59,
        24.86
      ],
      [
        18.24,
        34.72,
        74.2,
        102.69,
        38.93,
        43.87,
        13.34,
        51.37,
        60.91,
        0.0,
        54.53,
        56.03,
        12.27,
        59.48
      ],
      [
        36.3,
        20.32,
        51.47,
        78.63,
        23.45,
        30.67,
        64.25,
        62.25,
        18.33,
        54.53,
        0.0,
        12.64,
        51.87,
        40.14
      ],
      [
        38.52,
        22.01,
        38.83,
        66.18,
        32.84,
        41.54,
        67.41,
        52.96,
        6.44,
        56.03,
        12.64,
        0.0,
        50.61,
        28.05
      ],
      [
        18.46,
        31.59,
        63.53,
        91.43,
        41.42,
        48.57,
        25.09,
        39.1,
        54.59,
        12.27,
        51.87,
        50.61,
        0.0,
        49.25
      ],
      [
        47.34,
        36.9,
        15.12,
        44.62,
        54.21,
        64.22,
        72.74,
        30.62,
        24.86,
        59.48,
        40.14,
        28.05,
        49.25,
        0.0
      ]
    ],
    "demands": [
      0,
      2,
      10,
      3,
      10,
      8,
      10,
      6,
      8,
      7,
      6,
      1,
      7,
      6
    ],
    "vehicle_capacities": [
      24,
      23,
      22
    ],
    "vehicle_speeds": [
      31,
      45,
      30
    ],
    "vehicle_fixed_costs": [
      126,
      106,
      150
    ],
    "vehicle_cost_per_km": [
      2.98,
      3.38,
      2.38
    ],
    "time_windows": [
      [
        0,
        100
      ],
      [
        27,
        63
      ],
      [
        27,
        60
      ],
      [
        28,
        54
      ],
      [
        31,
        66
      ],
      [
        32,
        58
      ],
      [
        29,
        57
      ],
      [
        27,
        63
      ],
      [
        31,
        53
      ],
      [
        23,
        48
      ],
      [
        20,
        48
      ],
      [
        32,
        53
      ],
      [
        34,
        58
      ],
      [
        30,
        66
      ]
    ],
    "service_times": [
      0,
      8,
      4,
      4,
      8,
      7,
      10,
      3,
      4,
      3,
      8,
      8,
      3,
      9
    ],
    "cost_matrix": [
      [
        [
          0.0,
          49.8,
          186.13,
          273.83,
          68.39,
          90.77,
          86.09,
          146.08,
          130.73,
          54.36,
          108.17,
          114.79,
          55.01,
          141.07
        ],
        [
          49.8,
          0.0,
          153.44,
          241.2,
          54.12,
          84.27,
          135.65,
          145.84,
          82.55,
          103.47,
          60.55,
          65.59,
          94.14,
          109.96
        ],
        [
          186.13,
          153.44,
          0.0,
          88.09,
          203.3,
          232.53,
          260.78,
          112.11,
          100.81,
          221.12,
          153.38,
          115.71,
          189.32,
          45.06
        ],
        [
          273.83,
          241.2,
          88.09,
          0.0,
          289.78,
          318.38,
          345.77,
          175.34,
          179.75,
          306.02,
          234.32,
          197.22,
          272.46,
          132.97
        ],
        [
          68.39,
          54.12,
          203.3,
          289.78,
          0.0,
          30.22,
          135.02,
          198.17,
          117.05,
          116.01,
          69.88,
          97.86,
          123.43,
          161.55
        ],
        [
          90.77,
          84.27,
          232.53,
          318.38,
          30.22,
          0.0,
          141.82,
          227.25,
          142.8,
          130.73,
          91.4,
          123.79,
          144.74,
          191.38
        ],
        [
          86.09,
          135.65,
          260.78,
          345.77,
          135.02,
          141.82,
          0.0,
          190.06,
          216.65,
          39.75,
          191.47,
          200.88,
          74.77,
          216.77
        ],
        [
          146.08,
          145.84,
          112.11,
          175.34,
          198.17,
          227.25,
          190.06,
          0.0,
          156.0,
          153.08,
          185.5,
          157.82,
          116.52,
          91.25
        ],
        [
          130.73,
          82.55,
          100.81,
          179.75,
          117.05,
          142.8,
          216.65,
          156.0,
          0.0,
          181.51,
          54.62,
          19.19,
          162.68,
          74.08
        ],
        [
          54.36,
          103.47,
          221.12,
          306.02,
          116.01,
          130.73,
          39.75,
          153.08,
          181.51,
          0.0,
          162.5,
          166.97,
          36.56,
          177.25
        ],
        [
          108.17,
          60.55,
          153.38,
          234.32,
          69.88,
          91.4,
          191.47,
          185.5,
          54.62,
          162.5,
          0.0,
          37.67,
          154.57,
          119.62
        ],
        [
          114.79,
          65.59,
          115.71,
          197.22,
          97.86,
          123.79,
          200.88,
          157.82,
          19.19,
          166.97,
          37.67,
          0.0,
          150.82,
          83.59
        ],
        [
          55.01,
          94.14,
          189.32,
          272.46,
          123.43,
          144.74,
          74.77,
          116.52,
          162.68,
          36.56,
          154.57,
          150.82,
          0.0,
          146.76
        ],
        [
          141.07,
          109.96,
          45.06,
          132.97,
          161.55,
          191.38,
          216.77,
          91.25,
          74.08,
          177.25,
          119.62,
          83.59,
          146.76,
          0.0
        ]
      ],
      [
        [
          0.0,
          56.48,
          211.11,
          310.59,
          77.57,
          102.95,
          97.65,
          165.69,
          148.28,
          61.65,
          122.69,
          130.2,
          62.39,
          160.01
        ],
        [
          56.48,
          0.0,
          174.04,
          273.58,
          61.38,
          95.59,
          153.86,
          165.42,
          93.63,
          117.35,
          68.68,
          74.39,
          106.77,
          124.72
        ],
        [
          211.11,
          174.04,
          0.0,
          99.91,
          230.58,
          263.74,
          295.78,
          127.16,
          114.35,
          250.8,
          173.97,
          131.25,
          214.73,
          51.11
        ],
        [
          310.59,
          273.58,
          99.91,
          0.0,
          328.67,
          361.12,
          392.18,
          198.88,
          203.88,
          347.09,
          265.77,
          223.69,
          309.03,
          150.82
        ],
        [
          77.57,
          61.38,
          230.58,
          328.67,
          0.0,
          34.27,
          153.15,
          224.77,
          132.77,
          131.58,
          79.26,
          111.0,
          140.0,
          183.23
        ],
        [
          102.95,
          95.59,
          263.74,
          361.12,
          34.27,
          0.0,
          160.85,
          257.76,
          161.97,
          148.28,
          103.66,
          140.41,
          164.17,
          217.06
        ],
        [
          97.65,
          153.86,
          295.78,
          392.18,
          153.15,
          160.85,
          0.0,
          215.58,
          245.73,
          45.09,
          217.16,
          227.85,
          84.8,
          245.86
        ],
        [
          165.69,
          165.42,
          127.16,
          198.88,
          224.77,
          257.76,
          215.58,
          0.0,
          176.94,
          173.63,
          210.41,
          179.0,
          132.16,
          103.5
        ],
        [
          148.28,
          93.63,
          114.35,
          203.88,
          132.77,
          161.97,
          245.73,
          176.94,
          0.0,
          205.88,
          61.96,
          21.77,
          184.51,
          84.03
        ],
        [
          61.65,
          117.35,
          250.8,
          347.09,
          131.58,
          148.28,
          45.09,
          173.63,
          205.88,
          0.0,
          184.31,
          189.38,
          41.47,
          201.04
        ],
        [
          122.69,
          68.68,
          173.97,
          265.77,
          79.26,
          103.66,
          217.16,
          210.41,
          61.96,
          184.31,
          0.0,
          42.72,
          175.32,
          135.67
        ],
        [
          130.2,
          74.39,
          131.25,
          223.69,
          111.0,
          140.41,
          227.85,
          179.0,
          21.77,
          189.38,
          42.72,
          0.0,
          171.06,
          94.81
        ],
        [
          62.39,
          106.77,
          214.73,
          309.03,
          140.0,
          164.17,
          84.8,
          132.16,
          184.51,
          41.47,
          175.32,
          171.06,
          0.0,
          166.47
        ],
        [
          160.01,
          124.72,
          51.11,
          150.82,
          183.23,
          217.06,
          245.86,
          103.5,
          84.03,
          201.04,
          135.67,
          94.81,
          166.47,
          0.0
        ]
      ],
      [
        [
          0.0,
          39.77,
          148.65,
          218.7,
          54.62,
          72.49,
          68.76,
          116.67,
          104.41,
          43.41,
          86.39,
          91.68,
          43.93,
          112.67
        ],
        [
          39.77,
          0.0,
          122.55,
          192.64,
          43.22,
          67.31,
          108.34,
          116.48,
          65.93,
          82.63,
          48.36,
          52.38,
          75.18,
          87.82
        ],
        [
          148.65,
          122.55,
          0.0,
          70.35,
          162.36,
          185.71,
          208.27,
          89.54,
          80.52,
          176.6,
          122.5,
          92.42,
          151.2,
          35.99
        ],
        [
          218.7,
          192.64,
          70.35,
          0.0,
          231.43,
          254.28,
          276.15,
          140.04,
          143.56,
          244.4,
          187.14,
          157.51,
          217.6,
          106.2
        ],
        [
          54.62,
          43.22,
          162.36,
          231.43,
          0.0,
          24.13,
          107.84,
          158.27,
          93.49,
          92.65,
          55.81,
          78.16,
          98.58,
          129.02
        ],
        [
          72.49,
          67.31,
          185.71,
          254.28,
          24.13,
          0.0,
          113.26,
          181.5,
          114.05,
          104.41,
          72.99,
          98.87,
          115.6,
          152.84
        ],
        [
          68.76,
          108.34,
          208.27,
          276.15,
          107.84,
          113.26,
          0.0,
          151.8,
          173.03,
          31.75,
          152.91,
          160.44,
          59.71,
          173.12
        ],
        [
          116.67,
          116.48,
          89.54,
          140.04,
          158.27,
          181.5,
          151.8,
          0.0,
          124.59,
          122.26,
          148.16,
          126.04,
          93.06,
          72.88
        ],
        [
          104.41,
          65.93,
          80.52,
          143.56,
          93.49,
          114.05,
          173.03,
          124.59,
          0.0,
          144.97,
          43.63,
          15.33,
          129.92,
          59.17
        ],
        [
          43.41,
          82.63,
          176.6,
          244.4,
          92.65,
          104.41,
          31.75,
          122.26,
          144.97,
          0.0,
          129.78,
          133.35,
          29.2,
          141.56
        ],
        [
          86.39,
          48.36,
          122.5,
          187.14,
          55.81,
          72.99,
          152.91,
          148.16,
          43.63,
          129.78,
          0.0,
          30.08,
          123.45,
          95.53
        ],
        [
          91.68,
          52.38,
          92.42,
          157.51,
          78.16,
          98.87,
          160.44,
          126.04,
          15.33,
          133.35,
          30.08,
          0.0,
          120.45,
          66.76
        ],
        [
          43.93,
          75.18,
          151.2,
          217.6,
          98.58,
          115.6,
          59.71,
          93.06,
          129.92,
          29.2,
          123.45,
          120.45,
          0.0,
          117.21
        ],
        [
          112.67,
          87.82,
          35.99,
          106.2,
          129.02,
          152.84,
          173.12,
          72.88,
          59.17,
          141.56,
          95.53,
          66.76,
          117.21,
          0.0
        ]
      ]
    ],
    "beta": 10,
    "gamma": 18
  },
  {
    "num_customers": 15,
    "num_vehicles": 3,
    "nodes": [
      0,
      1,
      2,
      3,
      4,
      5,
      6,
      7,
      8,
      9,
      10,
      11,
      12,
      13,
      14,
      15
    ],
    "customers": [
      1,
      2,
      3,
      4,
      5,
      6,
      7,
      8,
      9,
      10,
      11,
      12,
      13,
      14,
      15
    ],
    "distance_matrix": [
      [
        0.0,
        69.47,
        18.69,
        46.0,
        51.24,
        31.22,
        9.82,
        32.31,
        42.61,
        32.18,
        28.57,
        35.92,
        41.5,
        58.26,
        39.39,
        51.77
      ],
      [
        69.47,
        0.0,
        71.98,
        57.17,
        92.14,
        90.44,
        70.15,
        67.14,
        106.85,
        99.14,
        55.34,
        71.76,
        110.7,
        99.41,
        52.25,
        84.48
      ],
      [
        18.69,
        71.98,
        0.0,
        32.57,
        69.78,
        47.94,
        8.87,
        15.6,
        34.93,
        28.77,
        44.48,
        54.38,
        42.95,
        40.14,
        54.78,
        33.12
      ],
      [
        46.0,
        57.17,
        32.57,
        0.0,
        94.62,
        77.21,
        38.37,
        17.99,
        62.07,
        59.54,
        59.88,
        75.44,
        74.57,
        43.01,
        67.01,
        27.63
      ],
      [
        51.24,
        92.14,
        69.78,
        94.62,
        0.0,
        26.41,
        60.97,
        83.3,
        80.5,
        68.83,
        38.96,
        21.14,
        65.88,
        107.8,
        39.9,
        102.89
      ],
      [
        31.22,
        90.44,
        47.94,
        77.21,
        26.41,
        0.0,
        39.8,
        62.95,
        54.11,
        42.5,
        35.96,
        25.75,
        40.03,
        83.28,
        43.5,
        80.28
      ],
      [
        9.82,
        70.15,
        8.87,
        38.37,
        60.97,
        39.8,
        0.0,
        23.15,
        37.66,
        29.0,
        36.59,
        45.59,
        41.26,
        48.69,
        47.16,
        41.96
      ],
      [
        32.31,
        67.14,
        15.6,
        17.99,
        83.3,
        62.95,
        23.15,
        0.0,
        44.53,
        41.55,
        53.23,
        66.09,
        56.61,
        34.08,
        62.37,
        22.1
      ],
      [
        42.61,
        106.85,
        34.93,
        62.07,
        80.5,
        54.11,
        37.66,
        44.53,
        0.0,
        11.87,
        70.72,
        73.2,
        20.34,
        38.93,
        81.55,
        45.54
      ],
      [
        32.18,
        99.14,
        28.77,
        59.54,
        68.83,
        42.5,
        29.0,
        41.55,
        11.87,
        0.0,
        59.63,
        61.38,
        15.33,
        45.33,
        70.41,
        48.3
      ],
      [
        28.57,
        55.34,
        44.48,
        59.88,
        38.96,
        35.96,
        36.59,
        53.23,
        70.72,
        59.63,
        0.0,
        17.83,
        65.75,
        84.44,
        10.84,
        75.12
      ],
      [
        35.92,
        71.76,
        54.38,
        75.44,
        21.14,
        25.75,
        45.59,
        66.09,
        73.2,
        61.38,
        17.83,
        0.0,
        63.28,
        94.17,
        20.17,
        87.05
      ],
      [
        41.5,
        110.7,
        42.95,
        74.57,
        65.88,
        40.03,
        41.26,
        56.61,
        20.34,
        15.33,
        65.75,
        63.28,
        0.0,
        58.76,
        76.04,
        63.26
      ],
      [
        58.26,
        99.41,
        40.14,
        43.01,
        107.8,
        83.28,
        48.69,
        34.08,
        38.93,
        45.33,
        84.44,
        94.17,
        58.76,
        0.0,
        94.46,
        15.55
      ],
      [
        39.39,
        52.25,
        54.78,
        67.01,
        39.9,
        43.5,
        47.16,
        62.37,
        81.55,
        70.41,
        10.84,
        20.17,
        76.04,
        94.46,
        0.0,
        84.43
      ],
      [
        51.77,
        84.48,
        33.12,
        27.63,
        102.89,
        80.28,
        41.96,
        22.1,
        45.54,
        48.3,
        75.12,
        87.05,
        63.26,
        15.55,
        84.43,
        0.0
      ]
    ],
    "demands": [
      0,
      5,
      4,
      6,
      9,
      1,
      10,
      9,
