[
  {
    "num_customers": 15,
    "num_vehicles": 5,
    "depot": 0,
    "nodes": [
      0,
      1,
      2,
      3,
      4,
      5,
      6,
      7,
      8,
      9,
      10,
      11,
      12,
      13,
      14,
      15
    ],
    "customers": [
      1,
      2,
      3,
      4,
      5,
      6,
      7,
      8,
      9,
      10,
      11,
      12,
      13,
      14,
      15
    ],
    "coords": [
      [
        72.43555480241753,
        67.76094798262261
      ],
      [
        7.280609132782012,
        37.71715035930514
      ],
      [
        48.024150581292545,
        40.92102851756494
      ],
      [
        5.501272546386948,
        56.94055810826133
      ],
      [
        42.09480750873992,
        57.99290792642034
      ],
      [
        10.449588201245641,
        29.20376241741607
      ],
      [
        4.149672751497713,
        54.319831475512395
      ],
      [
        21.520350658158137,
        25.522028818627607
      ],
      [
        83.45950795567659,
        46.631097906479525
      ],
      [
        62.245869382293385,
        44.84604320747499
      ],
      [
        28.595320930595804,
        16.323713830665486
      ],
      [
        59.339121313762696,
        39.02719421676739
      ],
      [
        29.489591352599078,
        43.02757830617803
      ],
      [
        10.554437756813817,
        85.73459840953589
      ],
      [
        78.71557181595477,
        13.06123280179735
      ],
      [
        8.826747197585528,
        71.6461788532912
      ]
    ],
    "distance_matrix": [
      [
        0.0,
        71.75,
        36.28,
        67.8,
        31.87,
        73.0,
        69.6,
        66.16,
        23.83,
        25.08,
        67.59,
        31.58,
        49.56,
        64.44,
        55.06,
        63.73
      ],
      [
        71.75,
        0.0,
        40.87,
        19.31,
        40.29,
        9.08,
        16.9,
        18.75,
        76.7,
        55.43,
        30.2,
        52.07,
        22.84,
        48.13,
        75.57,
        33.96
      ],
      [
        36.28,
        40.87,
        0.0,
        45.44,
        18.07,
        39.36,
        45.87,
        30.65,
        35.89,
        14.75,
        31.34,
        11.47,
        18.65,
        58.41,
        41.45,
        49.8
      ],
      [
        67.8,
        19.31,
        45.44,
        0.0,
        36.61,
        28.17,
        2.95,
        35.27,
        78.64,
        58.02,
        46.72,
        56.74,
        27.73,
        29.23,
        85.36,
        15.08
      ],
      [
        31.87,
        40.29,
        18.07,
        36.61,
        0.0,
        42.78,
        38.12,
        38.44,
        42.9,
        24.06,
        43.8,
        25.63,
        19.57,
        42.0,
        57.96,
        35.96
      ],
      [
        73.0,
        9.08,
        39.36,
        28.17,
        42.78,
        0.0,
        25.89,
        11.67,
        75.06,
        54.11,
        22.25,
        49.87,
        23.53,
        56.53,
        70.15,
        42.47
      ],
      [
        69.6,
        16.9,
        45.87,
        2.95,
        38.12,
        25.89,
        0.0,
        33.63,
        79.68,
        58.86,
        45.18,
        57.27,
        27.74,
        32.06,
        85.22,
        17.95
      ],
      [
        66.16,
        18.75,
        30.65,
        35.27,
        38.44,
        11.67,
        33.63,
        0.0,
        65.44,
        45.08,
        11.6,
        40.16,
        19.23,
        61.2,
        58.54,
        47.84
      ],
      [
        23.83,
        76.7,
        35.89,
        78.64,
        42.9,
        75.06,
        79.68,
        65.44,
        0.0,
        21.29,
        62.68,
        25.29,
        54.09,
        82.73,
        33.9,
        78.71
      ],
      [
        25.08,
        55.43,
        14.75,
        58.02,
        24.06,
        54.11,
        58.86,
        45.08,
        21.29,
        0.0,
        44.11,
        6.5,
        32.81,
        65.91,
        35.8,
        59.76
      ],
      [
        67.59,
        30.2,
        31.34,
        46.72,
        43.8,
        22.25,
        45.18,
        11.6,
        62.68,
        44.11,
        0.0,
        38.22,
        26.72,
        71.72,
        50.23,
        58.75
      ],
      [
        31.58,
        52.07,
        11.47,
        56.74,
        25.63,
        49.87,
        57.27,
        40.16,
        25.29,
        6.5,
        38.22,
        0.0,
        30.12,
        67.54,
        32.4,
        60.13
      ],
      [
        49.56,
        22.84,
        18.65,
        27.73,
        19.57,
        23.53,
        27.74,
        19.23,
        54.09,
        32.81,
        26.72,
        30.12,
        0.0,
        46.72,
        57.63,
        35.3
      ],
      [
        64.44,
        48.13,
        58.41,
        29.23,
        42.0,
        56.53,
        32.06,
        61.2,
        82.73,
        65.91,
        71.72,
        67.54,
        46.72,
        0.0,
        99.64,
        14.19
      ],
      [
        55.06,
        75.57,
        41.45,
        85.36,
        57.96,
        70.15,
        85.22,
        58.54,
        33.9,
        35.8,
        50.23,
        32.4,
        57.63,
        99.64,
        0.0,
        91.2
      ],
      [
        63.73,
        33.96,
        49.8,
        15.08,
        35.96,
        42.47,
        17.95,
        47.84,
        78.71,
        59.76,
        58.75,
        60.13,
        35.3,
        14.19,
        91.2,
        0.0
      ]
    ],
    "demands": [
      0,
      8,
      6,
      7,
      8,
      6,
      8,
      8,
      9,
      8,
      3,
      9,
      10,
      7,
      1,
      1
    ],
    "lambda_demand": [
      0,
      85.2,
      63.9,
      74.55,
      85.2,
      63.9,
      85.2,
      85.2,
      95.85,
      85.2,
      31.95,
      95.85,
      106.5,
      74.55,
      10.65,
      10.65
    ],
    "eta": 10.65,
    "vehicle_capacities": [
      16,
      18,
      24,
      22,
      16
    ],
    "vehicle_speeds": [
      47,
      41,
      38,
      36,
      55
    ],
    "vehicle_fixed_costs": [
      90,
      138,
      140,
      112,
      138
    ],
    "vehicle_cost_per_km": [
      2.01,
      2.33,
      2.95,
      3.43,
      2.95
    ],
    "cost_matrix": [
      [
        [
          0.0,
          144.22,
          72.92,
          136.28,
          64.06,
          146.73,
          139.9,
          132.98,
          47.9,
          50.41,
          135.86,
          63.48,
          99.62,
          129.52,
          110.67,
          128.1
        ],
        [
          144.22,
          0.0,
          82.15,
          38.81,
          80.98,
          18.25,
          33.97,
          37.69,
          154.17,
          111.41,
          60.7,
          104.66,
          45.91,
          96.74,
          151.9,
          68.26
        ],
        [
          72.92,
          82.15,
          0.0,
          91.33,
          36.32,
          79.11,
          92.2,
          61.61,
          72.14,
          29.65,
          62.99,
          23.05,
          37.49,
          117.4,
          83.31,
          100.1
        ],
        [
          136.28,
          38.81,
          91.33,
          0.0,
          73.59,
          56.62,
          5.93,
          70.89,
          158.07,
          116.62,
          93.91,
          114.05,
          55.74,
          58.75,
          171.57,
          30.31
        ],
        [
          64.06,
          80.98,
          36.32,
          73.59,
          0.0,
          85.99,
          76.62,
          77.26,
          86.23,
          48.36,
          88.04,
          51.52,
          39.34,
          84.42,
          116.5,
          72.28
        ],
        [
          146.73,
          18.25,
          79.11,
          56.62,
          85.99,
          0.0,
          52.04,
          23.46,
          150.87,
          108.76,
          44.72,
          100.24,
          47.3,
          113.63,
          141.0,
          85.36
        ],
        [
          139.9,
          33.97,
          92.2,
          5.93,
          76.62,
          52.04,
          0.0,
          67.6,
          160.16,
          118.31,
          90.81,
          115.11,
          55.76,
          64.44,
          171.29,
          36.08
        ],
        [
          132.98,
          37.69,
          61.61,
          70.89,
          77.26,
          23.46,
          67.6,
          0.0,
          131.53,
          90.61,
          23.32,
          80.72,
          38.65,
          123.01,
          117.67,
          96.16
        ],
        [
          47.9,
          154.17,
          72.14,
          158.07,
          86.23,
          150.87,
          160.16,
          131.53,
          0.0,
          42.79,
          125.99,
          50.83,
          108.72,
          166.29,
          68.14,
          158.21
        ],
        [
          50.41,
          111.41,
          29.65,
          116.62,
          48.36,
          108.76,
          118.31,
          90.61,
          42.79,
          0.0,
          88.66,
          13.06,
          65.95,
          132.48,
          71.96,
          120.12
        ],
        [
          135.86,
          60.7,
          62.99,
          93.91,
          88.04,
          44.72,
          90.81,
          23.32,
          125.99,
          88.66,
          0.0,
          76.82,
          53.71,
          144.16,
          100.96,
          118.09
        ],
        [
          63.48,
          104.66,
          23.05,
          114.05,
          51.52,
          100.24,
          115.11,
          80.72,
          50.83,
          13.06,
          76.82,
          0.0,
          60.54,
          135.76,
          65.12,
          120.86
        ],
        [
          99.62,
          45.91,
          37.49,
          55.74,
          39.34,
          47.3,
          55.76,
          38.65,
          108.72,
          65.95,
          53.71,
          60.54,
          0.0,
          93.91,
          115.84,
          70.95
        ],
        [
          129.52,
          96.74,
          117.4,
          58.75,
          84.42,
          113.63,
          64.44,
          123.01,
          166.29,
          132.48,
          144.16,
          135.76,
          93.91,
          0.0,
          200.28,
          28.52
        ],
        [
          110.67,
          151.9,
          83.31,
          171.57,
          116.5,
          141.0,
          171.29,
          117.67,
          68.14,
          71.96,
          100.96,
          65.12,
          115.84,
          200.28,
          0.0,
          183.31
        ],
        [
          128.1,
          68.26,
          100.1,
          30.31,
          72.28,
          85.36,
          36.08,
          96.16,
          158.21,
          120.12,
          118.09,
          120.86,
          70.95,
          28.52,
          183.31,
          0.0
        ]
      ],
      [
        [
          0.0,
          167.18,
          84.53,
          157.97,
          74.26,
          170.09,
          162.17,
          154.15,
          55.52,
          58.44,
          157.48,
          73.58,
          115.47,
          150.15,
          128.29,
          148.49
        ],
        [
          167.18,
          0.0,
          95.23,
          44.99,
          93.88,
          21.16,
          39.38,
          43.69,
          178.71,
          129.15,
          70.37,
          121.32,
          53.22,
          112.14,
          176.08,
          79.13
        ],
        [
          84.53,
          95.23,
          0.0,
          105.88,
          42.1,
          91.71,
          106.88,
          71.41,
          83.62,
          34.37,
          73.02,
          26.73,
          43.45,
          136.1,
          96.58,
          116.03
        ],
        [
          157.97,
          44.99,
          105.88,
          0.0,
          85.3,
          65.64,
          6.87,
          82.18,
          183.23,
          135.19,
          108.86,
          132.2,
          64.61,
          68.11,
          198.89,
          35.14
        ],
        [
          74.26,
          93.88,
          42.1,
          85.3,
          0.0,
          99.68,
          88.82,
          89.57,
          99.96,
          56.06,
          102.05,
          59.72,
          45.6,
          97.86,
          135.05,
          83.79
        ],
        [
          170.09,
          21.16,
          91.71,
          65.64,
          99.68,
          0.0,
          60.32,
          27.19,
          174.89,
          126.08,
          51.84,
          116.2,
          54.82,
          131.71,
          163.45,
          98.96
        ],
        [
          162.17,
          39.38,
          106.88,
          6.87,
          88.82,
          60.32,
          0.0,
          78.36,
          185.65,
          137.14,
          105.27,
          133.44,
          64.63,
          74.7,
          198.56,
          41.82
        ],
        [
          154.15,
          43.69,
          71.41,
          82.18,
          89.57,
          27.19,
          78.36,
          0.0,
          152.48,
          105.04,
          27.03,
          93.57,
          44.81,
          142.6,
          136.4,
          111.47
        ],
        [
          55.52,
          178.71,
          83.62,
          183.23,
          99.96,
          174.89,
          185.65,
          152.48,
          0.0,
          49.61,
          146.04,
          58.93,
          126.03,
          192.76,
          78.99,
          183.39
        ],
        [
          58.44,
          129.15,
          34.37,
          135.19,
          56.06,
          126.08,
          137.14,
          105.04,
          49.61,
          0.0,
          102.78,
          15.14,
          76.45,
          153.57,
          83.41,
          139.24
        ],
        [
          157.48,
          70.37,
          73.02,
          108.86,
          102.05,
          51.84,
          105.27,
          27.03,
          146.04,
          102.78,
          0.0,
          89.05,
          62.26,
          167.11,
          117.04,
          136.89
        ],
        [
          73.58,
          121.32,
          26.73,
          132.2,
          59.72,
          116.2,
          133.44,
          93.57,
          58.93,
          15.14,
          89.05,
          0.0,
          70.18,
          157.37,
          75.49,
          140.1
        ],
        [
          115.47,
          53.22,
          43.45,
          64.61,
          45.6,
          54.82,
          64.63,
          44.81,
          126.03,
          76.45,
          62.26,
          70.18,
          0.0,
          108.86,
          134.28,
          82.25
        ],
        [
          150.15,
          112.14,
          136.1,
          68.11,
          97.86,
          131.71,
          74.7,
          142.6,
          192.76,
          153.57,
          167.11,
          157.37,
          108.86,
          0.0,
          232.16,
          33.06
        ],
        [
          128.29,
          176.08,
          96.58,
          198.89,
          135.05,
          163.45,
          198.56,
          136.4,
          78.99,
          83.41,
          117.04,
          75.49,
          134.28,
          232.16,
          0.0,
          212.5
        ],
        [
          148.49,
          79.13,
          116.03,
          35.14,
          83.79,
          98.96,
          41.82,
          111.47,
          183.39,
          139.24,
          136.89,
          140.1,
          82.25,
          33.06,
          212.5,
          0.0
        ]
      ],
      [
        [
          0.0,
          211.66,
          107.03,
          200.01,
          94.02,
          215.35,
          205.32,
          195.17,
          70.3,
          73.99,
          199.39,
          93.16,
          146.2,
          190.1,
          162.43,
          188.0
        ],
        [
          211.66,
          0.0,
          120.57,
          56.96,
          118.86,
          26.79,
          49.85,
          55.31,
          226.27,
          163.52,
          89.09,
          153.61,
          67.38,
          141.98,
          222.93,
          100.18
        ],
        [
          107.03,
          120.57,
          0.0,
          134.05,
          53.31,
          116.11,
          135.32,
          90.42,
          105.88,
          43.51,
          92.45,
          33.84,
          55.02,
          172.31,
          122.28,
          146.91
        ],
        [
          200.01,
          56.96,
          134.05,
          0.0,
          108.0,
          83.1,
          8.7,
          104.05,
          231.99,
          171.16,
          137.82,
          167.38,
          81.8,
          86.23,
          251.81,
          44.49
        ],
        [
          94.02,
          118.86,
          53.31,
          108.0,
          0.0,
          126.2,
          112.45,
          113.4,
          126.56,
          70.98,
          129.21,
          75.61,
          57.73,
          123.9,
          170.98,
          106.08
        ],
        [
          215.35,
          26.79,
          116.11,
          83.1,
          126.2,
          0.0,
          76.38,
          34.43,
          221.43,
          159.62,
          65.64,
          147.12,
          69.41,
          166.76,
          206.94,
          125.29
        ],
        [
          205.32,
          49.85,
          135.32,
          8.7,
          112.45,
          76.38,
          0.0,
          99.21,
          235.06,
          173.64,
          133.28,
          168.95,
          81.83,
          94.58,
          251.4,
          52.95
        ],
        [
          195.17,
          55.31,
          90.42,
          104.05,
          113.4,
          34.43,
          99.21,
          0.0,
          193.05,
          132.99,
          34.22,
          118.47,
          56.73,
          180.54,
          172.69,
          141.13
        ],
        [
          70.3,
          226.27,
          105.88,
          231.99,
          126.56,
          221.43,
          235.06,
          193.05,
          0.0,
          62.81,
          184.91,
          74.61,
          159.57,
          244.05,
          100.0,
          232.19
        ],
        [
          73.99,
          163.52,
          43.51,
          171.16,
          70.98,
          159.62,
          173.64,
          132.99,
          62.81,
          0.0,
          130.12,
          19.18,
          96.79,
          194.43,
          105.61,
          176.29
        ],
        [
          199.39,
          89.09,
          92.45,
          137.82,
          129.21,
          65.64,
          133.28,
          34.22,
          184.91,
          130.12,
          0.0,
          112.75,
          78.82,
          211.57,
          148.18,
          173.31
        ],
        [
          93.16,
          153.61,
          33.84,
          167.38,
          75.61,
          147.12,
          168.95,
          118.47,
          74.61,
          19.18,
          112.75,
          0.0,
          88.85,
          199.24,
          95.58,
          177.38
        ],
        [
          146.2,
          67.38,
          55.02,
          81.8,
          57.73,
          69.41,
          81.83,
          56.73,
          159.57,
          96.79,
          78.82,
          88.85,
          0.0,
          137.82,
          170.01,
          104.13
        ],
        [
          190.1,
          141.98,
          172.31,
          86.23,
          123.9,
          166.76,
          94.58,
          180.54,
          244.05,
          194.43,
          211.57,
          199.24,
          137.82,
          0.0,
          293.94,
          41.86
        ],
        [
          162.43,
          222.93,
          122.28,
          251.81,
          170.98,
          206.94,
          251.4,
          172.69,
          100.0,
          105.61,
          148.18,
          95.58,
          170.01,
          293.94,
          0.0,
          269.04
        ],
        [
          188.0,
          100.18,
          146.91,
          44.49,
          106.08,
          125.29,
          52.95,
          141.13,
          232.19,
          176.29,
          173.31,
          177.38,
          104.13,
          41.86,
          269.04,
          0.0
        ]
      ],
      [
        [
          0.0,
          246.1,
          124.44,
          232.55,
          109.31,
          250.39,
          238.73,
          226.93,
          81.74,
          86.02,
          231.83,
          108.32,
          169.99,
          221.03,
          188.86,
          218.59
        ],
        [
          246.1,
          0.0,
          140.18,
          66.23,
          138.19,
          31.14,
          57.97,
          64.31,
          263.08,
          190.12,
          103.59,
          178.6,
          78.34,
          165.09,
          259.21,
          116.48
        ],
        [
          124.44,
          140.18,
          0.0,
          155.86,
          61.98,
          135.0,
          157.33,
          105.13,
          123.1,
          50.59,
          107.5,
          39.34,
          63.97,
          200.35,
          142.17,
          170.81
        ],
        [
          232.55,
          66.23,
          155.86,
          0.0,
          125.57,
          96.62,
          10.12,
          120.98,
          269.74,
          199.01,
          160.25,
          194.62,
          95.11,
          100.26,
          292.78,
          51.72
        ],
        [
          109.31,
          138.19,
          61.98,
          125.57,
          0.0,
          146.74,
          130.75,
          131.85,
          147.15,
          82.53,
          150.23,
          87.91,
          67.13,
          144.06,
          198.8,
          123.34
        ],
        [
          250.39,
          31.14,
          135.0,
          96.62,
          146.74,
          0.0,
          88.8,
          40.03,
          257.46,
          185.6,
          76.32,
          171.05,
          80.71,
          193.9,
          240.61,
          145.67
        ],
        [
          238.73,
          57.97,
          157.33,
          10.12,
          130.75,
          88.8,
          0.0,
          115.35,
          273.3,
          201.89,
          154.97,
          196.44,
          95.15,
          109.97,
          292.3,
          61.57
        ],
        [
          226.93,
          64.31,
          105.13,
          120.98,
          131.85,
          40.03,
          115.35,
          0.0,
          224.46,
          154.62,
          39.79,
          137.75,
          65.96,
          209.92,
          200.79,
          164.09
        ],
        [
          81.74,
          263.08,
          123.1,
          269.74,
          147.15,
          257.46,
          273.3,
          224.46,
          0.0,
          73.02,
          214.99,
          86.74,
          185.53,
          283.76,
          116.28,
          269.98
        ],
        [
          86.02,
          190.12,
          50.59,
          199.01,
          82.53,
          185.6,
          201.89,
          154.62,
          73.02,
          0.0,
          151.3,
          22.3,
          112.54,
          226.07,
          122.79,
          204.98
        ],
        [
          231.83,
          103.59,
          107.5,
          160.25,
          150.23,
          76.32,
          154.97,
          39.79,
          214.99,
          151.3,
          0.0,
          131.09,
          91.65,
          246.0,
          172.29,
          201.51
        ],
        [
          108.32,
          178.6,
          39.34,
          194.62,
          87.91,
          171.05,
          196.44,
          137.75,
          86.74,
          22.3,
          131.09,
          0.0,
          103.31,
          231.66,
          111.13,
          206.25
        ],
        [
          169.99,
          78.34,
          63.97,
          95.11,
          67.13,
          80.71,
          95.15,
          65.96,
          185.53,
          112.54,
          91.65,
          103.31,
          0.0,
          160.25,
          197.67,
          121.08
        ],
        [
          221.03,
          165.09,
          200.35,
          100.26,
          144.06,
          193.9,
          109.97,
          209.92,
          283.76,
          226.07,
          246.0,
          231.66,
          160.25,
          0.0,
          341.77,
          48.67
        ],
        [
          188.86,
          259.21,
          142.17,
          292.78,
          198.8,
          240.61,
          292.3,
          200.79,
          116.28,
          122.79,
          172.29,
          111.13,
          197.67,
          341.77,
          0.0,
          312.82
        ],
        [
          218.59,
          116.48,
          170.81,
          51.72,
          123.34,
          145.67,
          61.57,
          164.09,
          269.98,
          204.98,
          201.51,
          206.25,
          121.08,
          48.67,
          312.82,
          0.0
        ]
      ],
      [
        [
          0.0,
          211.66,
          107.03,
          200.01,
          94.02,
          215.35,
          205.32,
          195.17,
          70.3,
          73.99,
          199.39,
          93.16,
          146.2,
          190.1,
          162.43,
          188.0
        ],
        [
          211.66,
          0.0,
          120.57,
          56.96,
          118.86,
          26.79,
          49.85,
          55.31,
          226.27,
          163.52,
          89.09,
          153.61,
          67.38,
          141.98,
          222.93,
          100.18
        ],
        [
          107.03,
          120.57,
          0.0,
          134.05,
          53.31,
          116.11,
          135.32,
          90.42,
          105.88,
          43.51,
          92.45,
          33.84,
          55.02,
          172.31,
          122.28,
          146.91
        ],
        [
          200.01,
          56.96,
          134.05,
          0.0,
          108.0,
          83.1,
          8.7,
          104.05,
          231.99,
          171.16,
          137.82,
          167.38,
          81.8,
          86.23,
          251.81,
          44.49
        ],
        [
          94.02,
          118.86,
          53.31,
          108.0,
          0.0,
          126.2,
          112.45,
          113.4,
          126.56,
          70.98,
          129.21,
          75.61,
          57.73,
          123.9,
          170.98,
          106.08
        ],
        [
          215.35,
          26.79,
          116.11,
          83.1,
          126.2,
          0.0,
          76.38,
          34.43,
          221.43,
          159.62,
          65.64,
          147.12,
          69.41,
          166.76,
          206.94,
          125.29
        ],
        [
          205.32,
          49.85,
          135.32,
          8.7,
          112.45,
          76.38,
          0.0,
          99.21,
          235.06,
          173.64,
          133.28,
          168.95,
          81.83,
          94.58,
          251.4,
          52.95
        ],
        [
          195.17,
          55.31,
          90.42,
          104.05,
          113.4,
          34.43,
          99.21,
          0.0,
          193.05,
          132.99,
          34.22,
          118.47,
          56.73,
          180.54,
          172.69,
          141.13
        ],
        [
          70.3,
          226.27,
          105.88,
          231.99,
          126.56,
          221.43,
          235.06,
          193.05,
          0.0,
          62.81,
          184.91,
          74.61,
          159.57,
          244.05,
          100.0,
          232.19
        ],
        [
          73.99,
          163.52,
          43.51,
          171.16,
          70.98,
          159.62,
          173.64,
          132.99,
          62.81,
          0.0,
          130.12,
          19.18,
          96.79,
          194.43,
          105.61,
          176.29
        ],
        [
          199.39,
          89.09,
          92.45,
          137.82,
          129.21,
          65.64,
          133.28,
          34.22,
          184.91,
          130.12,
          0.0,
          112.75,
          78.82,
          211.57,
          148.18,
          173.31
        ],
        [
          93.16,
          153.61,
          33.84,
          167.38,
          75.61,
          147.12,
          168.95,
          118.47,
          74.61,
          19.18,
          112.75,
          0.0,
          88.85,
          199.24,
          95.58,
          177.38
        ],
        [
          146.2,
          67.38,
          55.02,
          81.8,
          57.73,
          69.41,
          81.83,
          56.73,
          159.57,
          96.79,
          78.82,
          88.85,
          0.0,
          137.82,
          170.01,
          104.13
        ],
        [
          190.1,
          141.98,
          172.31,
          86.23,
          123.9,
          166.76,
          94.58,
          180.54,
          244.05,
          194.43,
          211.57,
          199.24,
          137.82,
          0.0,
          293.94,
          41.86
        ],
        [
          162.43,
          222.93,
          122.28,
          251.81,
          170.98,
          206.94,
          251.4,
          172.69,
          100.0,
          105.61,
          148.18,
          95.58,
          170.01,
          293.94,
          0.0,
          269.04
        ],
        [
          188.0,
          100.18,
          146.91,
          44.49,
          106.08,
          125.29,
          52.95,
          141.13,
          232.19,
          176.29,
          173.31,
          177.38,
          104.13,
          41.86,
          269.04,
          0.0
        ]
      ]
    ],
    "time_windows": [
      [
        0,
        100
      ],
      [
        40,
        66
      ],
      [
        10,
        32
      ],
      [
        23,
        43
      ],
      [
        24,
        54
      ],
      [
        26,
        65
      ],
      [
        12,
        37
      ],
      [
        20,
        43
      ],
      [
        12,
        38
      ],
      [
        29,
        55
      ],
      [
        10,
        33
      ],
      [
        29,
        52
      ],
      [
        17,
        54
      ],
      [
        40,
        78
      ],
      [
        34,
        54
      ],
      [
        30,
        66
      ]
    ],
    "service_times": [
      0,
      8,
      10,
      4,
      9,
      3,
      4,
      3,
      8,
      9,
      3,
      10,
      8,
      7,
      6,
      6
    ],
    "beta": 12,
    "gamma": 25
  },
  {
    "num_customers": 11,
    "num_vehicles": 3,
    "depot": 0,
    "nodes": [
      0,
      1,
      2,
      3,
      4,
      5,
      6,
      7,
      8,
      9,
      10,
      11
    ],
    "customers": [
      1,
      2,
      3,
      4,
      5,
      6,
      7,
      8,
      9,
      10,
      11
    ],
    "coords": [
      [
        13.486355004900553,
        94.59306703948293
      ],
      [
        30.635603888314968,
        15.789027930407473
      ],
      [
        33.35638210083803,
        55.47599383844756
      ],
      [
        89.90158424836919,
        68.45588760687158
      ],
      [
        33.536199133422365,
        10.423516979915382
      ],
      [
        84.77483373103902,
        17.773855729574393
      ],
      [
        18.668596259074256,
        96.90051726124362
      ],
      [
        63.7258030790356,
        65.97462424164742
      ],
      [
        99.29985518546893,
        66.1543344013438
      ],
      [
        87.92814194160255,
        86.57917334925251
      ],
      [
        92.62138645233202,
        69.37641993166638
      ],
      [
        41.75239661397864,
        82.82932832722129
      ]
    ],
    "distance_matrix": [
      [
        0.0,
        80.65,
        43.87,
        80.76,
        86.52,
        104.8,
        5.67,
        57.82,
        90.4,
        74.87,
        83.06,
        30.62
      ],
      [
        80.65,
        0.0,
        39.78,
        79.29,
        6.1,
        54.18,
        81.99,
        60.11,
        85.16,
        91.07,
        81.94,
        67.96
      ],
      [
        43.87,
        39.78,
        0.0,
        58.02,
        45.05,
        63.76,
        43.95,
        32.13,
        66.8,
        62.81,
        60.87,
        28.61
      ],
      [
        80.76,
        79.29,
        58.02,
        0.0,
        80.9,
        50.94,
        76.7,
        26.29,
        9.68,
        18.23,
        2.87,
        50.25
      ],
      [
        86.52,
        6.1,
        45.05,
        80.9,
        0.0,
        51.76,
        87.75,
        63.22,
        86.2,
        93.59,
        83.47,
        72.87
      ],
      [
        104.8,
        54.18,
        63.76,
        50.94,
        51.76,
        0.0,
        103.11,
        52.6,
        50.51,
        68.88,
        52.2,
        77.99
      ],
      [
        5.67,
        81.99,
        43.95,
        76.7,
        87.75,
        103.11,
        0.0,
        54.65,
        86.29,
        70.02,
        78.91,
        27.03
      ],
      [
        57.82,
        60.11,
        32.13,
        26.29,
        63.22,
        52.6,
        54.65,
        0.0,
        35.57,
        31.79,
        29.1,
        27.69
      ],
      [
        90.4,
        85.16,
        66.8,
        9.68,
        86.2,
        50.51,
        86.29,
        35.57,
        0.0,
        23.38,
        7.42,
        59.91
      ],
      [
        74.87,
        91.07,
        62.81,
        18.23,
        93.59,
        68.88,
        70.02,
        31.79,
        23.38,
        0.0,
        17.83,
        46.33
      ],
      [
        83.06,
        81.94,
        60.87,
        2.87,
        83.47,
        52.2,
        78.91,
        29.1,
        7.42,
        17.83,
        0.0,
        52.62
      ],
      [
        30.62,
        67.96,
        28.61,
        50.25,
        72.87,
        77.99,
        27.03,
        27.69,
        59.91,
        46.33,
        52.62,
        0.0
      ]
    ],
    "demands": [
      0,
      1,
      9,
      1,
      3,
      10,
      9,
      7,
      6,
      9,
      10,
      3
    ],
    "lambda_demand": [
      0,
      12.83,
      115.47,
      12.83,
      38.49,
      128.3,
      115.47,
      89.81,
      76.98,
      115.47,
      128.3,
      38.49
    ],
    "eta": 12.83,
    "vehicle_capacities": [
      17,
      18,
      18
    ],
    "vehicle_speeds": [
      34,
      53,
      46
    ],
    "vehicle_fixed_costs": [
      149,
      112,
      112
    ],
    "vehicle_cost_per_km": [
      2.65,
      2.24,
      2.66
    ],
    "cost_matrix": [
      [
        [
          0.0,
          213.72,
          116.26,
          214.01,
          229.28,
          277.72,
          15.03,
          153.22,
          239.56,
          198.41,
          220.11,
          81.14
        ],
        [
          213.72,
          0.0,
          105.42,
          210.12,
          16.16,
          143.58,
          217.27,
          159.29,
          225.67,
          241.34,
          217.14,
          180.09
        ],
        [
          116.26,
          105.42,
          0.0,
          153.75,
          119.38,
          168.96,
          116.47,
          85.14,
          177.02,
          166.45,
          161.31,
          75.82
        ],
        [
          214.01,
          210.12,
          153.75,
          0.0,
          214.39,
          134.99,
          203.25,
          69.67,
          25.65,
          48.31,
          7.61,
          133.16
        ],
        [
          229.28,
          16.16,
          119.38,
          214.39,
          0.0,
          137.16,
          232.54,
          167.53,
          228.43,
          248.01,
          221.2,
          193.11
        ],
        [
          277.72,
          143.58,
          168.96,
          134.99,
          137.16,
          0.0,
          273.24,
          139.39,
          133.85,
          182.53,
          138.33,
          206.67
        ],
        [
          15.03,
          217.27,
          116.47,
          203.25,
          232.54,
          273.24,
          0.0,
          144.82,
          228.67,
          185.55,
          209.11,
          71.63
        ],
        [
          153.22,
          159.29,
          85.14,
          69.67,
          167.53,
          139.39,
          144.82,
          0.0,
          94.26,
          84.24,
          77.11,
          73.38
        ],
        [
          239.56,
          225.67,
          177.02,
          25.65,
          228.43,
          133.85,
          228.67,
          94.26,
          0.0,
          61.96,
          19.66,
          158.76
        ],
        [
          198.41,
          241.34,
          166.45,
          48.31,
          248.01,
          182.53,
          185.55,
          84.24,
          61.96,
          0.0,
          47.25,
          122.77
        ],
        [
          220.11,
          217.14,
          161.31,
          7.61,
          221.2,
          138.33,
          209.11,
          77.11,
          19.66,
          47.25,
          0.0,
          139.44
        ],
        [
          81.14,
          180.09,
          75.82,
          133.16,
          193.11,
          206.67,
          71.63,
          73.38,
          158.76,
          122.77,
          139.44,
          0.0
        ]
      ],
      [
        [
          0.0,
          180.66,
          98.27,
          180.9,
          193.8,
          234.75,
          12.7,
          129.52,
          202.5,
          167.71,
          186.05,
          68.59
        ],
        [
          180.66,
          0.0,
          89.11,
          177.61,
          13.66,
          121.36,
          183.66,
          134.65,
          190.76,
          204.0,
          183.55,
          152.23
        ],
        [
          98.27,
          89.11,
          0.0,
          129.96,
          100.91,
          142.82,
          98.45,
          71.97,
          149.63,
          140.69,
          136.35,
          64.09
        ],
        [
          180.9,
          177.61,
          129.96,
          0.0,
          181.22,
          114.11,
          171.81,
          58.89,
          21.68,
          40.84,
          6.43,
          112.56
        ],
        [
          193.8,
          13.66,
          100.91,
          181.22,
          0.0,
          115.94,
          196.56,
          141.61,
          193.09,
          209.64,
          186.97,
          163.23
        ],
        [
          234.75,
          121.36,
          142.82,
          114.11,
          115.94,
          0.0,
          230.97,
          117.82,
          113.14,
          154.29,
          116.93,
          174.7
        ],
        [
          12.7,
          183.66,
          98.45,
          171.81,
          196.56,
          230.97,
          0.0,
          122.42,
          193.29,
          156.84,
          176.76,
          60.55
        ],
        [
          129.52,
          134.65,
          71.97,
          58.89,
          141.61,
          117.82,
          122.42,
          0.0,
          79.68,
          71.21,
          65.18,
          62.03
        ],
        [
          202.5,
          190.76,
          149.63,
          21.68,
          193.09,
          113.14,
