[
  {
    "num_customers": 15,
    "num_vehicles": 4,
    "depot": 0,
    "nodes": [
      0,
      1,
      2,
      3,
      4,
      5,
      6,
      7,
      8,
      9,
      10,
      11,
      12,
      13,
      14,
      15
    ],
    "customers": [
      1,
      2,
      3,
      4,
      5,
      6,
      7,
      8,
      9,
      10,
      11,
      12,
      13,
      14,
      15
    ],
    "coords": [
      [
        84.90509287150643,
        60.44240438657209
      ],
      [
        89.53126398243595,
        22.153602153293363
      ],
      [
        86.3123901710242,
        20.80725885009872
      ],
      [
        78.04644821524215,
        93.32852466250203
      ],
      [
        67.54097244587747,
        61.30239974448569
      ],
      [
        14.683256058491956,
        91.58886870773215
      ],
      [
        88.79306862953679,
        4.846966512154804
      ],
      [
        47.10374377784824,
        45.82580117665843
      ],
      [
        84.26962963724873,
        76.09710434813094
      ],
      [
        28.27214910385195,
        57.824975850757895
      ],
      [
        15.886311444152401,
        37.61627968059741
      ],
      [
        91.25621290357783,
        4.291651845521882
      ],
      [
        81.7622059621622,
        77.419978857315
      ],
      [
        24.867291972478746,
        51.52547851691074
      ],
      [
        10.441922620693733,
        51.64321557634427
      ],
      [
        41.4831430807819,
        55.6963724133408
      ]
    ],
    "distance_matrix": [
      [
        0.0,
        38.57,
        39.66,
        33.59,
        17.39,
        76.82,
        55.73,
        40.53,
        15.67,
        56.69,
        72.7,
        56.51,
        17.27,
        60.7,
        74.98,
        43.68
      ],
      [
        38.57,
        0.0,
        3.49,
        72.1,
        44.9,
        102.1,
        17.32,
        48.58,
        54.2,
        70.89,
        75.25,
        17.95,
        55.81,
        71.02,
        84.41,
        58.6
      ],
      [
        39.66,
        3.49,
        0.0,
        72.99,
        44.63,
        100.7,
        16.15,
        46.51,
        55.33,
        68.84,
        72.4,
        17.24,
        56.8,
        68.7,
        81.9,
        56.81
      ],
      [
        33.59,
        72.1,
        72.99,
        0.0,
        33.71,
        63.39,
        89.13,
        56.69,
        18.32,
        61.14,
        83.47,
        90.01,
        16.34,
        67.64,
        79.42,
        52.47
      ],
      [
        17.39,
        44.9,
        44.63,
        33.71,
        0.0,
        60.92,
        60.32,
        25.64,
        22.33,
        39.42,
        56.83,
        61.75,
        21.49,
        43.78,
        57.91,
        26.65
      ],
      [
        76.82,
        102.1,
        100.7,
        63.39,
        60.92,
        0.0,
        114.09,
        56.08,
        71.29,
        36.4,
        53.99,
        116.12,
        68.56,
        41.34,
        40.17,
        44.79
      ],
      [
        55.73,
        17.32,
        16.15,
        89.13,
        60.32,
        114.09,
        0.0,
        58.46,
        71.39,
        80.43,
        79.93,
        2.52,
        72.91,
        79.15,
        91.26,
        69.45
      ],
      [
        40.53,
        48.58,
        46.51,
        56.69,
        25.64,
        56.08,
        58.46,
        0.0,
        47.93,
        22.33,
        32.28,
        60.62,
        46.9,
        22.96,
        37.12,
        11.36
      ],
      [
        15.67,
        54.2,
        55.33,
        18.32,
        22.33,
        71.29,
        71.39,
        47.93,
        0.0,
        58.9,
        78.47,
        72.14,
        2.83,
        64.28,
        77.77,
        47.4
      ],
      [
        56.69,
        70.89,
        68.84,
        61.14,
        39.42,
        36.4,
        80.43,
        22.33,
        58.9,
        0.0,
        23.7,
        82.66,
        56.97,
        7.16,
        18.87,
        13.38
      ],
      [
        72.7,
        75.25,
        72.4,
        83.47,
        56.83,
        53.99,
        79.93,
        32.28,
        78.47,
        23.7,
        0.0,
        82.41,
        76.97,
        16.56,
        15.05,
        31.34
      ],
      [
        56.51,
        17.95,
        17.24,
        90.01,
        61.75,
        116.12,
        2.52,
        60.62,
        72.14,
        82.66,
        82.41,
        0.0,
        73.74,
        81.48,
        93.66,
        71.55
      ],
      [
        17.27,
        55.81,
        56.8,
        16.34,
        21.49,
        68.56,
        72.91,
        46.9,
        2.83,
        56.97,
        76.97,
        73.74,
        0.0,
        62.51,
        75.84,
        45.76
      ],
      [
        60.7,
        71.02,
        68.7,
        67.64,
        43.78,
        41.34,
        79.15,
        22.96,
        64.28,
        7.16,
        16.56,
        81.48,
        62.51,
        0.0,
        14.43,
        17.13
      ],
      [
        74.98,
        84.41,
        81.9,
        79.42,
        57.91,
        40.17,
        91.26,
        37.12,
        77.77,
        18.87,
        15.05,
        93.66,
        75.84,
        14.43,
        0.0,
        31.3
      ],
      [
        43.68,
        58.6,
        56.81,
        52.47,
        26.65,
        44.79,
        69.45,
        11.36,
        47.4,
        13.38,
        31.34,
        71.55,
        45.76,
        17.13,
        31.3,
        0.0
      ]
    ],
    "demands": [
      0,
      2,
      5,
      4,
      1,
      5,
      3,
      2,
      5,
      5,
      3,
      5,
      3,
      5,
      2,
      3
    ],
    "vehicle_capacities": [
      21,
      20,
      27,
      15
    ],
    "vehicle_speeds": [
      46,
      59,
      42,
      39
    ],
    "vehicle_fixed_costs": [
      1,
      10,
      0,
      3
    ],
    "vehicle_cost_per_km": [
      0.11,
      0.14,
      0.1,
      0.1
    ],
    "time_windows": [
      [
        0,
        100
      ],
      [
        26,
        48
      ],
      [
        26,
        36
      ],
      [
        24,
        49
      ],
      [
        13,
        31
      ],
      [
        19,
        42
      ],
      [
        21,
        39
      ],
      [
        11,
        33
      ],
      [
        17,
        45
      ],
      [
        20,
        43
      ],
      [
        15,
        26
      ],
      [
        21,
        37
      ],
      [
        18,
        36
      ],
      [
        26,
        53
      ],
      [
        10,
        25
      ],
      [
        28,
        57
      ]
    ],
    "service_times": [
      0,
      9,
      7,
      6,
      5,
      10,
      4,
      10,
      10,
      3,
      6,
      7,
      8,
      9,
      7,
      6
    ],
    "beta": 10,
    "gamma": 20,
    "eta": 10,
    "lambda_demand": [
      0,
      100,
      250,
      200,
      50,
      250,
      150,
      100,
      250,
      250,
      150,
      250,
      150,
      250,
      100,
      150
    ],
    "cost_matrix": [
      [
        [
          0.0,
          4.24,
          4.36,
          3.69,
          1.91,
          8.45,
          6.13,
          4.46,
          1.72,
          6.24,
          8.0,
          6.22,
          1.9,
          6.68,
          8.25,
          4.8
        ],
        [
          4.24,
          0.0,
          0.38,
          7.93,
          4.94,
          11.23,
          1.91,
          5.34,
          5.96,
          7.8,
          8.28,
          1.97,
          6.14,
          7.81,
          9.29,
          6.45
        ],
        [
          4.36,
          0.38,
          0.0,
          8.03,
          4.91,
          11.08,
          1.78,
          5.12,
          6.09,
          7.57,
          7.96,
          1.9,
          6.25,
          7.56,
          9.01,
          6.25
        ],
        [
          3.69,
          7.93,
          8.03,
          0.0,
          3.71,
          6.97,
          9.8,
          6.24,
          2.02,
          6.73,
          9.18,
          9.9,
          1.8,
          7.44,
          8.74,
          5.77
        ],
        [
          1.91,
          4.94,
          4.91,
          3.71,
          0.0,
          6.7,
          6.64,
          2.82,
          2.46,
          4.34,
          6.25,
          6.79,
          2.36,
          4.82,
          6.37,
          2.93
        ],
        [
          8.45,
          11.23,
          11.08,
          6.97,
          6.7,
          0.0,
          12.55,
          6.17,
          7.84,
          4.0,
          5.94,
          12.77,
          7.54,
          4.55,
          4.42,
          4.93
        ],
        [
          6.13,
          1.91,
          1.78,
          9.8,
          6.64,
          12.55,
          0.0,
          6.43,
          7.85,
          8.85,
          8.79,
          0.28,
          8.02,
          8.71,
          10.04,
          7.64
        ],
        [
          4.46,
          5.34,
          5.12,
          6.24,
          2.82,
          6.17,
          6.43,
          0.0,
          5.27,
          2.46,
          3.55,
          6.67,
          5.16,
          2.53,
          4.08,
          1.25
        ],
        [
          1.72,
          5.96,
          6.09,
          2.02,
          2.46,
          7.84,
          7.85,
          5.27,
          0.0,
          6.48,
          8.63,
          7.94,
          0.31,
          7.07,
          8.55,
          5.21
        ],
        [
          6.24,
          7.8,
          7.57,
          6.73,
          4.34,
          4.0,
          8.85,
          2.46,
          6.48,
          0.0,
          2.61,
          9.09,
          6.27,
          0.79,
          2.08,
          1.47
        ],
        [
          8.0,
          8.28,
          7.96,
          9.18,
          6.25,
          5.94,
          8.79,
          3.55,
          8.63,
          2.61,
          0.0,
          9.07,
          8.47,
          1.82,
          1.66,
          3.45
        ],
        [
          6.22,
          1.97,
          1.9,
          9.9,
          6.79,
          12.77,
          0.28,
          6.67,
          7.94,
          9.09,
          9.07,
          0.0,
          8.11,
          8.96,
          10.3,
          7.87
        ],
        [
          1.9,
          6.14,
          6.25,
          1.8,
          2.36,
          7.54,
          8.02,
          5.16,
          0.31,
          6.27,
          8.47,
          8.11,
          0.0,
          6.88,
          8.34,
          5.03
        ],
        [
          6.68,
          7.81,
          7.56,
          7.44,
          4.82,
          4.55,
          8.71,
          2.53,
          7.07,
          0.79,
          1.82,
          8.96,
          6.88,
          0.0,
          1.59,
          1.88
        ],
        [
          8.25,
          9.29,
          9.01,
          8.74,
          6.37,
          4.42,
          10.04,
          4.08,
          8.55,
          2.08,
          1.66,
          10.3,
          8.34,
          1.59,
          0.0,
          3.44
        ],
        [
          4.8,
          6.45,
          6.25,
          5.77,
          2.93,
          4.93,
          7.64,
          1.25,
          5.21,
          1.47,
          3.45,
          7.87,
          5.03,
          1.88,
          3.44,
          0.0
        ]
      ],
      [
        [
          0.0,
          5.4,
          5.55,
          4.7,
          2.43,
          10.75,
          7.8,
          5.67,
          2.19,
          7.94,
          10.18,
          7.91,
          2.42,
          8.5,
          10.5,
          6.12
        ],
        [
          5.4,
          0.0,
          0.49,
          10.09,
          6.29,
          14.29,
          2.42,
          6.8,
          7.59,
          9.92,
          10.54,
          2.51,
          7.81,
          9.94,
          11.82,
          8.2
        ],
        [
          5.55,
          0.49,
          0.0,
          10.22,
          6.25,
          14.1,
          2.26,
          6.51,
          7.75,
          9.64,
          10.14,
          2.41,
          7.95,
          9.62,
          11.47,
          7.95
        ],
        [
          4.7,
          10.09,
          10.22,
          0.0,
          4.72,
          8.87,
          12.48,
          7.94,
          2.56,
          8.56,
          11.69,
          12.6,
          2.29,
          9.47,
          11.12,
          7.35
        ],
        [
          2.43,
          6.29,
          6.25,
          4.72,
          0.0,
          8.53,
          8.44,
          3.59,
          3.13,
          5.52,
          7.96,
          8.65,
          3.01,
          6.13,
          8.11,
          3.73
        ],
        [
          10.75,
          14.29,
          14.1,
          8.87,
          8.53,
          0.0,
          15.97,
          7.85,
          9.98,
          5.1,
          7.56,
          16.26,
          9.6,
          5.79,
          5.62,
          6.27
        ],
        [
          7.8,
          2.42,
          2.26,
          12.48,
          8.44,
          15.97,
          0.0,
          8.18,
          9.99,
          11.26,
          11.19,
          0.35,
          10.21,
          11.08,
          12.78,
          9.72
        ],
        [
          5.67,
          6.8,
          6.51,
          7.94,
          3.59,
          7.85,
          8.18,
          0.0,
          6.71,
          3.13,
          4.52,
          8.49,
          6.57,
          3.21,
          5.2,
          1.59
        ],
        [
          2.19,
          7.59,
          7.75,
          2.56,
          3.13,
          9.98,
          9.99,
          6.71,
          0.0,
          8.25,
          10.99,
          10.1,
          0.4,
          9.0,
          10.89,
          6.64
        ],
        [
          7.94,
          9.92,
          9.64,
          8.56,
          5.52,
          5.1,
          11.26,
          3.13,
          8.25,
          0.0,
          3.32,
          11.57,
          7.98,
          1.0,
          2.64,
          1.87
        ],
        [
          10.18,
          10.54,
          10.14,
          11.69,
          7.96,
          7.56,
          11.19,
          4.52,
          10.99,
          3.32,
          0.0,
          11.54,
          10.78,
          2.32,
          2.11,
          4.39
        ],
        [
          7.91,
          2.51,
          2.41,
          12.6,
          8.65,
          16.26,
          0.35,
          8.49,
          10.1,
          11.57,
          11.54,
          0.0,
          10.32,
          11.41,
          13.11,
          10.02
        ],
        [
          2.42,
          7.81,
          7.95,
          2.29,
          3.01,
          9.6,
          10.21,
          6.57,
          0.4,
          7.98,
          10.78,
          10.32,
          0.0,
          8.75,
          10.62,
          6.41
        ],
        [
          8.5,
          9.94,
          9.62,
          9.47,
          6.13,
          5.79,
          11.08,
          3.21,
          9.0,
          1.0,
          2.32,
          11.41,
          8.75,
          0.0,
          2.02,
          2.4
        ],
        [
          10.5,
          11.82,
          11.47,
          11.12,
          8.11,
          5.62,
          12.78,
          5.2,
          10.89,
          2.64,
          2.11,
          13.11,
          10.62,
          2.02,
          0.0,
          4.38
        ],
        [
          6.12,
          8.2,
          7.95,
          7.35,
          3.73,
          6.27,
          9.72,
          1.59,
          6.64,
          1.87,
          4.39,
          10.02,
          6.41,
          2.4,
          4.38,
          0.0
        ]
      ],
      [
        [
          0.0,
          3.86,
          3.97,
          3.36,
          1.74,
          7.68,
          5.57,
          4.05,
          1.57,
          5.67,
          7.27,
          5.65,
          1.73,
          6.07,
          7.5,
          4.37
        ],
        [
          3.86,
          0.0,
          0.35,
          7.21,
          4.49,
          10.21,
          1.73,
          4.86,
          5.42,
          7.09,
          7.53,
          1.79,
          5.58,
          7.1,
          8.44,
          5.86
        ],
        [
          3.97,
          0.35,
          0.0,
          7.3,
          4.46,
          10.07,
          1.61,
          4.65,
          5.53,
          6.88,
          7.24,
          1.72,
          5.68,
          6.87,
          8.19,
          5.68
        ],
        [
          3.36,
          7.21,
          7.3,
          0.0,
          3.37,
          6.34,
          8.91,
          5.67,
          1.83,
          6.11,
          8.35,
          9.0,
          1.63,
          6.76,
          7.94,
          5.25
        ],
        [
          1.74,
          4.49,
          4.46,
          3.37,
          0.0,
          6.09,
          6.03,
          2.56,
          2.23,
          3.94,
          5.68,
          6.18,
          2.15,
          4.38,
          5.79,
          2.67
        ],
        [
          7.68,
          10.21,
          10.07,
          6.34,
          6.09,
          0.0,
          11.41,
          5.61,
          7.13,
          3.64,
          5.4,
          11.61,
          6.86,
          4.13,
          4.02,
          4.48
        ],
        [
          5.57,
          1.73,
          1.61,
          8.91,
          6.03,
          11.41,
          0.0,
          5.85,
          7.14,
          8.04,
          7.99,
          0.25,
          7.29,
          7.92,
          9.13,
          6.95
        ],
        [
          4.05,
          4.86,
          4.65,
          5.67,
          2.56,
          5.61,
          5.85,
          0.0,
          4.79,
          2.23,
          3.23,
          6.06,
          4.69,
          2.3,
          3.71,
          1.14
        ],
        [
          1.57,
          5.42,
          5.53,
          1.83,
          2.23,
          7.13,
          7.14,
          4.79,
          0.0,
          5.89,
          7.85,
          7.21,
          0.28,
          6.43,
          7.78,
          4.74
        ],
        [
          5.67,
          7.09,
          6.88,
          6.11,
          3.94,
          3.64,
          8.04,
          2.23,
          5.89,
          0.0,
          2.37,
          8.27,
          5.7,
          0.72,
          1.89,
          1.34
        ],
        [
          7.27,
          7.53,
          7.24,
          8.35,
          5.68,
          5.4,
          7.99,
          3.23,
          7.85,
          2.37,
          0.0,
          8.24,
          7.7,
          1.66,
          1.51,
          3.13
        ],
        [
          5.65,
          1.79,
          1.72,
          9.0,
          6.18,
          11.61,
          0.25,
          6.06,
          7.21,
          8.27,
          8.24,
          0.0,
          7.37,
          8.15,
          9.37,
          7.16
        ],
        [
          1.73,
          5.58,
          5.68,
          1.63,
          2.15,
          6.86,
          7.29,
          4.69,
          0.28,
          5.7,
          7.7,
          7.37,
          0.0,
          6.25,
          7.58,
          4.58
        ],
        [
          6.07,
          7.1,
          6.87,
          6.76,
          4.38,
          4.13,
          7.92,
          2.3,
          6.43,
          0.72,
          1.66,
          8.15,
          6.25,
          0.0,
          1.44,
          1.71
        ],
        [
          7.5,
          8.44,
          8.19,
          7.94,
          5.79,
          4.02,
          9.13,
          3.71,
          7.78,
          1.89,
          1.51,
          9.37,
          7.58,
          1.44,
          0.0,
          3.13
        ],
        [
          4.37,
          5.86,
          5.68,
          5.25,
          2.67,
          4.48,
          6.95,
          1.14,
          4.74,
          1.34,
          3.13,
          7.16,
          4.58,
          1.71,
          3.13,
          0.0
        ]
      ],
      [
        [
          0.0,
          3.86,
          3.97,
          3.36,
          1.74,
          7.68,
          5.57,
          4.05,
          1.57,
          5.67,
          7.27,
          5.65,
          1.73,
          6.07,
          7.5,
          4.37
        ],
        [
          3.86,
          0.0,
          0.35,
          7.21,
          4.49,
          10.21,
          1.73,
          4.86,
          5.42,
          7.09,
          7.53,
          1.79,
          5.58,
          7.1,
          8.44,
          5.86
        ],
        [
          3.97,
          0.35,
          0.0,
          7.3,
          4.46,
          10.07,
          1.61,
          4.65,
          5.53,
          6.88,
          7.24,
          1.72,
          5.68,
          6.87,
          8.19,
          5.68
        ],
        [
          3.36,
          7.21,
          7.3,
          0.0,
          3.37,
          6.34,
          8.91,
          5.67,
          1.83,
          6.11,
          8.35,
          9.0,
          1.63,
          6.76,
          7.94,
          5.25
        ],
        [
          1.74,
          4.49,
          4.46,
          3.37,
          0.0,
          6.09,
          6.03,
          2.56,
          2.23,
          3.94,
          5.68,
          6.18,
          2.15,
          4.38,
          5.79,
          2.67
        ],
        [
          7.68,
          10.21,
          10.07,
          6.34,
          6.09,
          0.0,
          11.41,
          5.61,
          7.13,
          3.64,
          5.4,
          11.61,
          6.86,
          4.13,
          4.02,
          4.48
        ],
        [
          5.57,
          1.73,
          1.61,
          8.91,
          6.03,
          11.41,
          0.0,
          5.85,
          7.14,
          8.04,
          7.99,
          0.25,
          7.29,
          7.92,
          9.13,
          6.95
        ],
        [
          4.05,
          4.86,
          4.65,
          5.67,
          2.56,
          5.61,
          5.85,
          0.0,
          4.79,
          2.23,
          3.23,
          6.06,
          4.69,
          2.3,
          3.71,
          1.14
        ],
        [
          1.57,
          5.42,
          5.53,
          1.83,
          2.23,
          7.13,
          7.14,
          4.79,
          0.0,
          5.89,
          7.85,
          7.21,
          0.28,
          6.43,
          7.78,
          4.74
        ],
        [
          5.67,
          7.09,
          6.88,
          6.11,
          3.94,
          3.64,
          8.04,
          2.23,
          5.89,
          0.0,
          2.37,
          8.27,
          5.7,
          0.72,
          1.89,
          1.34
        ],
        [
          7.27,
          7.53,
          7.24,
          8.35,
          5.68,
          5.4,
          7.99,
          3.23,
          7.85,
          2.37,
          0.0,
          8.24,
          7.7,
          1.66,
          1.51,
          3.13
        ],
        [
          5.65,
          1.79,
          1.72,
          9.0,
          6.18,
          11.61,
          0.25,
          6.06,
          7.21,
          8.27,
          8.24,
          0.0,
          7.37,
          8.15,
          9.37,
          7.16
        ],
        [
          1.73,
          5.58,
          5.68,
          1.63,
          2.15,
          6.86,
          7.29,
          4.69,
          0.28,
          5.7,
          7.7,
          7.37,
          0.0,
          6.25,
          7.58,
          4.58
        ],
        [
          6.07,
          7.1,
          6.87,
          6.76,
          4.38,
          4.13,
          7.92,
          2.3,
          6.43,
          0.72,
          1.66,
          8.15,
          6.25,
          0.0,
          1.44,
          1.71
        ],
        [
          7.5,
          8.44,
          8.19,
          7.94,
          5.79,
          4.02,
          9.13,
          3.71,
          7.78,
          1.89,
          1.51,
          9.37,
          7.58,
          1.44,
          0.0,
          3.13
        ],
        [
          4.37,
          5.86,
          5.68,
          5.25,
          2.67,
          4.48,
          6.95,
          1.14,
          4.74,
          1.34,
          3.13,
          7.16,
          4.58,
          1.71,
          3.13,
          0.0
        ]
      ]
    ],
    "w_fixed": 1.0,
    "w_distance": 1.0,
    "w_early": 1.0,
    "w_late": 1.0,
    "w_unserved": 1.0
  },
  {
    "num_customers": 9,
    "num_vehicles": 5,
    "depot": 0,
    "nodes": [
      0,
      1,
      2,
      3,
      4,
      5,
      6,
      7,
      8,
      9
    ],
    "customers": [
      1,
      2,
      3,
      4,
      5,
      6,
      7,
      8,
      9
    ],
    "coords": [
      [
        39.974501898111605,
        82.40256253096113
      ],
      [
        78.11143590358026,
        73.23953423616369
      ],
      [
        25.846887997951573,
        16.911519917880568
      ],
      [
        30.32824199086155,
        13.401373803596538
      ],
      [
        29.719100253097608,
        12.21182842906835
      ],
      [
        29.839430871188767,
        73.19758269049892
      ],
      [
        73.14748019709316,
        32.87705634441976
      ],
      [
        47.98911531756407,
        14.123989900637635
      ],
      [
        49.26064560335559,
        55.4244685946111
      ],
      [
        62.21417322514152,
        97.04904428566458
      ]
    ],
    "distance_matrix": [
      [
        0.0,
        39.22,
        67.0,
        69.67,
        70.94,
        13.69,
        59.61,
        68.75,
        28.53,
        26.63
      ],
      [
        39.22,
        0.0,
        76.84,
        76.58,
        77.89,
        48.27,
        40.67,
        66.35,
        33.91,
        28.63
      ],
      [
        67.0,
        76.84,
        0.0,
        5.69,
        6.09,
        56.43,
        49.92,
        22.32,
        45.07,
        88.0
      ],
      [
        69.67,
        76.58,
        5.69,
        0.0,
        1.34,
        59.8,
        47.04,
        17.68,
        46.09,
        89.52
      ],
      [
        70.94,
        77.89,
        6.09,
        1.34,
        0.0,
        60.99,
        48.09,
        18.37,
        47.43,
        90.85
      ],
      [
        13.69,
        48.27,
        56.43,
        59.8,
        60.99,
        0.0,
        59.17,
        61.8,
        26.33,
        40.21
      ],
      [
        59.61,
        40.67,
        49.92,
        47.04,
        48.09,
        59.17,
        0.0,
        31.38,
        32.85,
        65.1
      ],
      [
        68.75,
        66.35,
        22.32,
        17.68,
        18.37,
        61.8,
        31.38,
        0.0,
        41.32,
        84.14
      ],
      [
        28.53,
        33.91,
        45.07,
        46.09,
        47.43,
        26.33,
        32.85,
        41.32,
        0.0,
        43.59
      ],
      [
        26.63,
        28.63,
        88.0,
        89.52,
        90.85,
        40.21,
        65.1,
        84.14,
        43.59,
        0.0
      ]
    ],
    "demands": [
      0,
      3,
      2,
      5,
      5,
      1,
      2,
      1,
      2,
      5
    ],
    "vehicle_capacities": [
      18,
      30,
      28,
      24,
      21
    ],
    "vehicle_speeds": [
      41,
      43,
      35,
      30,
      34
    ],
    "vehicle_fixed_costs": [
      1,
      7,
      3,
      1,
      2
    ],
    "vehicle_cost_per_km": [
      0.09,
      0.09,
      0.08,
      0.09,
      0.11
    ],
    "time_windows": [
      [
        0,
        100
      ],
      [
        27,
        41
      ],
      [
        10,
        39
      ],
      [
        28,
        54
      ],
      [
        23,
        38
      ],
      [
        20,
        42
      ],
      [
        15,
        31
      ],
      [
        20,
        35
      ],
      [
        29,
        50
      ],
      [
        20,
        36
      ]
    ],
    "service_times": [
      0,
      4,
      3,
      7,
      4,
      4,
      7,
      9,
      8,
      8
    ],
    "beta": 10,
    "gamma": 20,
    "eta": 10,
    "lambda_demand": [
      0,
      150,
      100,
      250,
      250,
      50,
      100,
      50,
      100,
      250
    ],
    "cost_matrix": [
      [
        [
          0.0,
          3.53,
          6.03,
          6.27,
          6.38,
          1.23,
          5.36,
          6.19,
          2.57,
          2.4
        ],
        [
          3.53,
          0.0,
          6.92,
          6.89,
          7.01,
          4.34,
          3.66,
          5.97,
          3.05,
          2.58
        ],
        [
          6.03,
          6.92,
          0.0,
          0.51,
          0.55,
          5.08,
          4.49,
          2.01,
          4.06,
          7.92
        ],
        [
          6.27,
          6.89,
          0.51,
          0.0,
          0.12,
          5.38,
          4.23,
          1.59,
          4.15,
          8.06
        ],
        [
          6.38,
          7.01,
          0.55,
          0.12,
          0.0,
          5.49,
          4.33,
          1.65,
          4.27,
          8.18
        ],
        [
          1.23,
          4.34,
          5.08,
          5.38,
          5.49,
          0.0,
          5.33,
          5.56,
          2.37,
          3.62
        ],
        [
          5.36,
          3.66,
          4.49,
          4.23,
          4.33,
          5.33,
          0.0,
          2.82,
          2.96,
          5.86
        ],
        [
          6.19,
          5.97,
          2.01,
          1.59,
          1.65,
          5.56,
          2.82,
          0.0,
          3.72,
          7.57
        ],
        [
          2.57,
          3.05,
          4.06,
          4.15,
          4.27,
          2.37,
          2.96,
          3.72,
          0.0,
          3.92
        ],
        [
          2.4,
          2.58,
          7.92,
          8.06,
          8.18,
          3.62,
          5.86,
          7.57,
          3.92,
          0.0
        ]
      ],
      [
        [
          0.0,
          3.53,
          6.03,
          6.27,
          6.38,
          1.23,
          5.36,
          6.19,
          2.57,
          2.4
        ],
        [
          3.53,
          0.0,
          6.92,
          6.89,
          7.01,
          4.34,
          3.66,
          5.97,
          3.05,
          2.58
        ],
        [
          6.03,
          6.92,
          0.0,
          0.51,
          0.55,
          5.08,
          4.49,
          2.01,
          4.06,
          7.92
        ],
        [
          6.27,
          6.89,
          0.51,
          0.0,
          0.12,
          5.38,
          4.23,
          1.59,
          4.15,
          8.06
        ],
        [
          6.38,
          7.01,
          0.55,
          0.12,
          0.0,
          5.49,
          4.33,
          1.65,
          4.27,
          8.18
        ],
        [
          1.23,
          4.34,
          5.08,
          5.38,
          5.49,
          0.0,
          5.33,
          5.56,
          2.37,
          3.62
        ],
        [
          5.36,
          3.66,
          4.49,
          4.23,
          4.33,
          5.33,
          0.0,
          2.82,
          2.96,
          5.86
        ],
        [
          6.19,
          5.97,
          2.01,
          1.59,
          1.65,
          5.56,
          2.82,
          0.0,
          3.72,
          7.57
        ],
        [
          2.57,
          3.05,
          4.06,
          4.15,
          4.27,
          2.37,
          2.96,
          3.72,
          0.0,
          3.92
        ],
        [
          2.4,
          2.58,
          7.92,
          8.06,
          8.18,
          3.62,
          5.86,
          7.57,
          3.92,
          0.0
        ]
      ],
      [
        [
          0.0,
          3.14,
          5.36,
          5.57,
          5.68,
          1.1,
          4.77,
          5.5,
          2.28,
          2.13
        ],
        [
          3.14,
          0.0,
          6.15,
          6.13,
          6.23,
          3.86,
          3.25,
          5.31,
          2.71,
          2.29
        ],
        [
          5.36,
          6.15,
          0.0,
          0.46,
          0.49,
          4.51,
          3.99,
          1.79,
          3.61,
          7.04
        ],
        [
          5.57,
          6.13,
          0.46,
          0.0,
          0.11,
          4.78,
          3.76,
          1.41,
          3.69,
          7.16
        ],
        [
          5.68,
          6.23,
          0.49,
          0.11,
          0.0,
          4.88,
          3.85,
          1.47,
          3.79,
          7.27
        ],
        [
          1.1,
          3.86,
          4.51,
          4.78,
          4.88,
          0.0,
          4.73,
          4.94,
          2.11,
          3.22
        ],
        [
          4.77,
          3.25,
          3.99,
          3.76,
          3.85,
          4.73,
          0.0,
          2.51,
          2.63,
          5.21
        ],
        [
          5.5,
          5.31,
          1.79,
          1.41,
          1.47,
          4.94,
          2.51,
          0.0,
          3.31,
          6.73
        ],
        [
          2.28,
          2.71,
          3.61,
          3.69,
          3.79,
          2.11,
          2.63,
          3.31,
          0.0,
          3.49
        ],
        [
          2.13,
          2.29,
          7.04,
          7.16,
          7.27,
          3.22,
          5.21,
          6.73,
          3.49,
          0.0
        ]
      ],
      [
        [
          0.0,
          3.53,
          6.03,
          6.27,
          6.38,
          1.23,
          5.36,
          6.19,
          2.57,
          2.4
        ],
        [
          3.53,
          0.0,
          6.92,
          6.89,
          7.01,
          4.34,
          3.66,
          5.97,
          3.05,
          2.58
        ],
        [
          6.03,
          6.92,
          0.0,
          0.51,
          0.55,
          5.08,
          4.49,
          2.01,
          4.06,
          7.92
        ],
        [
          6.27,
          6.89,
          0.51,
          0.0,
          0.12,
          5.38,
          4.23,
          1.59,
          4.15,
          8.06
        ],
        [
          6.38,
          7.01,
          0.55,
          0.12,
          0.0,
          5.49,
          4.33,
          1.65,
          4.27,
          8.18
        ],
        [
          1.23,
          4.34,
          5.08,
          5.38,
          5.49,
          0.0,
          5.33,
          5.56,
          2.37,
          3.62
        ],
        [
          5.36,
          3.66,
          4.49,
          4.23,
          4.33,
          5.33,
          0.0,
          2.82,
          2.96,
          5.86
        ],
        [
          6.19,
          5.97,
          2.01,
          1.59,
          1.65,
          5.56,
          2.82,
          0.0,
          3.72,
          7.57
        ],
        [
          2.57,
          3.05,
          4.06,
          4.15,
          4.27,
          2.37,
          2.96,
          3.72,
          0.0,
          3.92
        ],
        [
          2.4,
          2.58,
          7.92,
          8.06,
          8.18,
          3.62,
          5.86,
          7.57,
          3.92,
          0.0
        ]
      ],
      [
        [
          0.0,
          4.31,
          7.37,
          7.66,
          7.8,
          1.51,
          6.56,
          7.56,
          3.14,
          2.93
        ],
        [
          4.31,
          0.0,
          8.45,
          8.42,
          8.57,
          5.31,
          4.47,
          7.3,
          3.73,
          3.15
        ],
        [
          7.37,
          8.45,
          0.0,
          0.63,
          0.67,
          6.21,
          5.49,
          2.46,
          4.96,
          9.68
        ],
        [
          7.66,
          8.42,
          0.63,
          0.0,
          0.15,
          6.58,
          5.17,
          1.94,
          5.07,
          9.85
        ],
        [
          7.8,
          8.57,
          0.67,
          0.15,
          0.0,
          6.71,
          5.29,
          2.02,
          5.22,
          9.99
        ],
        [
          1.51,
          5.31,
          6.21,
          6.58,
          6.71,
          0.0,
          6.51,
          6.8,
          2.9,
          4.42
        ],
        [
          6.56,
          4.47,
          5.49,
          5.17,
          5.29,
          6.51,
          0.0,
          3.45,
          3.61,
          7.16
        ],
        [
          7.56,
          7.3,
          2.46,
          1.94,
          2.02,
          6.8,
          3.45,
          0.0,
          4.55,
          9.26
        ],
        [
          3.14,
          3.73,
          4.96,
          5.07,
          5.22,
          2.9,
          3.61,
          4.55,
          0.0,
          4.79
        ],
        [
          2.93,
          3.15,
          9.68,
          9.85,
          9.99,
          4.42,
          7.16,
          9.26,
          4.79,
          0.0
        ]
      ]
    ],
    "w_fixed": 1.0,
    "w_distance": 1.0,
    "w_early": 1.0,
    "w_late": 1.0,
    "w_unserved": 1.0
  },
  {
    "num_customers": 15,
    "num_vehicles": 3,
    "depot": 0,
    "nodes": [
      0,
      1,
      2,
      3,
      4,
      5,
      6,
      7,
      8,
      9,
      10,
      11,
      12,
      13,
      14,
      15
    ],
    "customers": [
      1,
      2,
      3,
      4,
      5,
      6,
      7,
      8,
      9,
      10,
      11,
      12,
      13,
      14,
      15
    ],
    "coords": [
      [
        26.075846290644044,
        40.74372499509457
      ],
      [
        80.08286289760544,
        48.1276314998737
      ],
      [
        28.43900837895179,
        85.76233664378346
      ],
      [
        31.32137587215551,
        2.3385279861085184
      ],
      [
        93.69399355834219,
        45.41373092890674
      ],
      [
        15.938386450832375,
        19.04666936958207
      ],
      [
        26.358051354831456,
        14.497318439253636
      ],
      [
        67.50791388016417,
        30.782411987547498
      ],
      [
        21.25813467141868,
        25.87517382765635
      ],
      [
        38.9165127127424,
        92.6322157501324
      ],
      [
        6.426533237915965,
        58.29614331055385
      ],
      [
        37.38141557746768,
        68.0040909277564
      ],
      [
        57.251614990509914,
        18.462295075612367
      ],
      [
        85.04762129392158,
        20.565157173602678
      ],
      [
        73.04741886096343,
        9.103584695265965
      ],
      [
        19.77722083475918,
        17.270740854789402
      ]
    ],
    "distance_matrix": [
      [
        0.0,
        54.51,
        45.08,
        38.76,
        67.78,
        23.95,
        26.25,
        42.61,
        15.63,
        53.45,
        26.35,
        29.51,
        38.32,
        62.33,
        56.63,
        24.3
      ],
      [
        54.51,
        0.0,
        63.9,
        66.89,
        13.88,
        70.43,
        63.38,
        21.42,
        62.89,
        60.62,
        74.35,
        47.1,
        37.43,
